1565943695.2280283
1565943701.1278062
1565943702.4278171
1565943703.3280468
1565943703.8278124
1565943704.3278859
1565943704.728756
1565943705.1278362
1565943705.6278708
1565943706.127857
1565943706.5276194
1565943707.027215
1565943707.527494
1565943708.0276804
1565943708.5270901
1565943708.9278431
1565943709.428015
1565943709.9280243
1565943710.3279462
1565943710.8278687
1565943711.3279953
1565943711.82809
1565943712.2279527
1565943712.7278626
1565943713.2278779
1565943713.7279582
1565943714.1281376
1565943714.632627
1565943715.0325077
1565943715.6325285
1565943715.9339116
1565943716.7341263
1565943718.1343043
1565943719.2341623
1565943720.5339544
1565943721.4343874
1565943722.2340112
1565943722.7342219
1565943723.1343367
1565943723.5340941
1565943723.9343259
1565943724.2345018
1565943724.7342002
1565943725.1342425
1565943725.5342846
1565943725.9342868
1565943726.2340176
1565943726.6358118
1565943727.1355109
1565943727.5278006
1565943727.9277642
1565943728.5280244
1565943729.0275145
1565943729.6274874
1565943730.2276273
1565943731.1276321
1565943732.3274076
1565943753.5267427
1565943769.532963
1565943789.6264417
1565943790.5264502
1565943791.3267875
1565943792.4265113
1565943792.826571
1565943793.3267777
1565943794.0267684
1565943794.3267415
1565943794.9267988
1565943795.327038
1565943795.6270795
1565943796.0267391
1565943796.3344259
1565943796.7344284
1565943797.0347381
1565943797.4345176
1565943797.7346473
1565943798.0341005
1565943798.3347371
1565943798.7345428
1565943799.2347522
1565943799.5345838
1565943800.0343802
1565943800.234483
1565943800.6344118
1565943800.9345539
1565943801.1344163
1565943801.334383
1565943801.5342031
1565943801.934397
1565943802.4343436
1565943802.7347698
1565943803.234318
1565943803.7345657
1565943804.1343639
1565943804.5346997
1565943805.0345397
1565943805.43432
1565943805.6344249
1565943806.0344462
1565943806.5337226
1565943807.0344331
1565943807.5345559
1565943808.0341678
1565943808.5343716
1565943808.9340065
1565943809.4344947
1565943809.8341157
1565943810.3341205
1565943810.9341993
1565943811.834547
1565943814.4342396
1565943815.934474
1565943817.9340973
1565943818.9264381
1565943819.8280184
1565943820.1280544
1565943820.6279125
1565943821.0279915
1565943821.4278507
1565943821.8278573
1565943822.2281675
1565943822.7281353
1565943823.1277468
1565943823.6278567
1565943824.0274527
1565943824.5277789
1565943825.0280325
1565943825.427592
1565943825.8278115
1565943826.3273532
1565943826.8271945
1565943827.2278953
1565943827.7279973
1565943828.2281311
1565943828.627933
1565943829.1277125
1565943829.628257
1565943830.0280006
1565943830.5278714
1565943831.0280917
1565943831.5279875
1565943831.9279273
1565943832.4280167
1565943833.0279777
1565943833.4279375
1565943833.9279253
1565943834.4279821
1565943834.8278692
1565943835.3278849
1565943835.8276129
1565943836.2282927
1565943836.7281456
1565943837.2284994
1565943837.6283185
1565943838.1279273
1565943838.6282725
1565943839.1279368
1565943839.5279572
1565943840.0278804
1565943840.4279327
1565943840.927655
1565943841.427732
1565943841.9279311
1565943842.4279613
1565943842.9274938
1565943843.5278111
1565943843.9276292
1565943846.2278833
1565943847.9261813
1565943849.5279689
1565943851.3291609
1565943852.8291318
1565943853.7291031
1565943854.3291373
1565943854.7294366
1565943855.2288988
1565943855.6290774
1565943856.0288579
1565943856.5291507
1565943856.9289715
1565943857.4291139
1565943857.8289528
1565943858.2287226
1565943858.7304842
1565943859.1305809
1565943859.63027
1565943860.0303688
1565943860.5305419
1565943861.0307899
1565943861.4305725
1565943861.8305624
1565943862.3306789
1565943862.8302004
1565943863.3305895
1565943863.8302348
1565943864.2320044
1565943864.7319634
1565943865.2319925
1565943865.7261834
1565943866.2257063
1565943866.6262412
1565943867.0256629
1565943867.525727
1565943867.9258358
1565943868.4253325
1565943868.8303921
1565943869.2304838
1565943869.7304046
1565943870.1302385
1565943870.5302994
1565943871.6315002
1565943872.8299301
1565943873.8300097
1565943874.8316884
1565943876.7313268
1565943878.4313388
1565943879.7316523
1565943880.9315131
1565943882.0299461
1565943883.0302458
1565943883.4303095
1565943883.9304643
1565943884.4308319
1565943884.9304495
1565943885.3300974
1565943885.8301241
1565943886.3300357
1565943886.8301084
1565943887.3302288
1565943888.0302651
1565943888.2291961
1565943888.3299479
1565943889.0302408
1565943889.4300389
1565943889.5301023
1565943889.9302671
1565943890.3300226
1565943890.4305174
1565943890.8300738
1565943890.930331
1565943891.3301008
1565943891.7295463
1565943892.229192
1565943892.5298638
1565943893.030138
1565943893.4297881
1565943893.9295356
1565943894.3296146
1565943894.4296985
1565943894.829581
1565943895.3299558
1565943895.7329676
1565943895.8328967
1565943896.2248662
1565943896.7246995
1565943897.1248679
1565943897.2246943
1565943897.624826
1565943898.0249777
1565943898.5245011
1565943898.9248703
1565943899.4251018
1565943900.0247705
1565943900.524852
1565943901.0250542
1565943901.7248404
1565943902.0242817
1565943902.7254117
1565943903.124969
1565943903.6254346
1565943904.0263679
1565943904.4270649
1565943904.9269202
1565943905.0262616
1565943905.3269157
1565943905.7267654
1565943906.2269509
1565943906.7267458
1565943907.2271063
1565943908.226655
1565943909.4268293
