1564718964.300400733947754
1564718975.296834230422974
1564718975.991842508316040
1564718976.692071437835693
1564718977.092233419418335
1564718977.492109537124634
1564718977.992232084274292
1564718978.292403221130371
1564718978.593725919723511
1564718978.898186922073364
1564718979.198546171188354
1564718979.493528604507446
1564718979.892283439636230
1564718980.195244312286377
1564718980.394987106323242
1564718980.595015525817871
1564718980.796545028686523
1564718980.995852470397949
1564718981.191769838333130
1564718981.391901254653931
1564718981.591902971267700
1564718981.791900157928467
1564718981.991786718368530
1564718982.192258596420288
1564718982.491349458694458
1564718982.792325735092163
1564718982.992100000381470
1564718983.295029401779175
1564718983.494668722152710
1564718983.695227384567261
1564718983.895231008529663
1564718984.198121547698975
1564718984.398036479949951
1564718984.597921609878540
1564718984.798137426376343
1564718984.998110771179199
1564718985.197980165481567
1564718985.398206472396851
1564718985.598201036453247
1564718985.798096656799316
1564718985.999631881713867
1564718986.199504375457764
1564718986.391685724258423
1564718986.591605186462402
1564718986.791681766510010
1564718986.991258382797241
1564718987.191831827163696
1564718987.393612146377563
1564718987.593427658081055
1564718987.893356323242188
1564718988.093270301818848
1564718988.294798374176025
1564718988.494113683700562
1564718988.695130348205566
1564718988.997873306274414
1564718989.197895050048828
1564718989.399364948272705
1564718989.599329710006714
1564718989.799437761306763
1564718989.999372243881226
1564718990.291519641876221
1564718990.491293191909790
1564718990.694048881530762
1564718990.893145322799683
1564718991.094554901123047
1564718991.296339988708496
1564718991.496213436126709
1564718991.699331521987915
1564718991.899396181106567
1564718992.099470853805542
1564718992.299737453460693
1564718992.498822450637817
1564718992.699621915817261
1564718992.899366140365601
1564718993.091558218002319
1564718993.291848421096802
1564718993.492795467376709
1564718993.693698644638062
1564718993.893431901931763
1564718994.094917297363281
1564718994.296085596084595
1564718994.495887517929077
1564718994.696479320526123
1564718994.896365642547607
1564718995.096572160720825
1564718995.296574831008911
1564718995.497154712677002
1564718995.699318170547485
1564718995.899348258972168
1564718996.099202394485474
1564718996.299399852752686
1564718996.498568773269653
1564718996.691468000411987
1564718996.891248941421509
1564718997.091424465179443
1564718997.291474103927612
1564718997.490762472152710
1564718997.691922426223755
1564718997.892017602920532
1564718998.091812610626221
1564718998.291775941848755
1564718998.492817640304565
1564718998.694885015487671
1564718998.997497320175171
1564718999.198529243469238
1564718999.391579627990723
1564718999.591491937637329
1564718999.791286945343018
1564718999.990997314453125
1564719000.191496849060059
1564719000.391606807708740
1564719000.893002986907959
1564719001.094723939895630
1564719001.299536466598511
1564719001.498918294906616
1564719001.699432373046875
1564719001.799185752868652
1564719001.999103546142578
1564719002.199341297149658
1564719002.299223661422729
1564719002.599194288253784
1564719002.700888633728027
1564719002.791486024856567
1564719002.891415596008301
1564719002.990902185440063
1564719003.291428804397583
1564719003.391510963439941
1564719003.591541290283203
1564719003.691479206085205
1564719003.791373252868652
1564719003.990522861480713
1564719004.291039705276489
1564719004.490662574768066
1564719004.691203117370605
1564719004.891323566436768
1564719005.191411972045898
1564719005.391150951385498
1564719005.591372966766357
1564719005.791315793991089
1564719005.991075038909912
1564719006.191275119781494
1564719006.391440868377686
1564719006.591066122055054
1564719006.791146993637085
1564719006.990587711334229
1564719007.191508769989014
1564719007.391256093978882
1564719007.691099882125854
1564719007.891094446182251
1564719008.091195106506348
1564719008.591333627700806
1564719008.791492700576782
1564719008.990691900253296
1564719009.591720104217529
1564719009.791529178619385
1564719009.991167783737183
1564719010.293040037155151
1564719010.694658756256104
1564719010.896128416061401
1564719011.096120834350586
1564719011.296123504638672
1564719011.495863914489746
1564719011.796244144439697
1564719012.198971033096313
1564719012.399034976959229
1564719012.591356754302979
1564719012.791657686233521
1564719012.991825103759766
1564719013.193192481994629
1564719013.494153738021851
1564719013.694964170455933
1564719013.894959449768066
1564719014.094571590423584
1564719014.294673204421997
1564719014.494500398635864
1564719014.694801330566406
1564719014.794854164123535
1564719014.894741296768188
1564719014.994294881820679
1564719015.199102163314819
1564719015.291354894638062
1564719015.491415262222290
1564719015.591517210006714
1564719015.691472053527832
1564719015.791500329971313
1564719015.891462326049805
1564719015.991166114807129
1564719016.091507434844971
1564719016.291505336761475
1564719016.691635370254517
1564719016.991607904434204
1564719017.493110418319702
1564719017.693150043487549
1564719017.896363496780396
1564719018.096560478210449
1564719018.196554899215698
1564719018.396118164062500
1564719018.496020793914795
1564719018.595984458923340
1564719018.796084165573120
1564719018.897515296936035
1564719018.999195575714111
1564719019.099305629730225
1564719019.199349641799927
1564719019.299153327941895
1564719019.399154424667358
1564719019.498895168304443
1564719019.599379062652588
1564719019.699219465255737
1564719019.799219369888306
1564719019.891246557235718
1564719020.091068506240845
1564719020.191483497619629
1564719020.391534090042114
1564719020.491948604583740
1564719020.694643497467041
1564719020.894430637359619
1564719021.094630956649780
1564719021.296094179153442
1564719021.595997810363770
1564719021.795957565307617
1564719021.991202354431152
1564719022.291400909423828
1564719022.597510337829590
1564719022.799066066741943
1564719022.999104499816895
1564719023.199119329452515
1564719023.398983955383301
1564719023.591133594512939
1564719023.790764570236206
1564719023.991061687469482
1564719024.191676616668701
1564719024.493230819702148
1564719024.693134784698486
1564719024.893034219741821
1564719025.092939853668213
1564719025.396012544631958
1564719025.596099138259888
1564719025.897641658782959
1564719026.199249267578125
1564719026.399279594421387
1564719026.599120855331421
1564719026.899132251739502
1564719027.091231584548950
1564719027.291269063949585
1564719027.493254423141479
1564719027.694660902023315
1564719027.894677877426147
1564719028.094905853271484
1564719028.295180797576904
1564719028.495126247406006
1564719028.796131610870361
1564719028.998937129974365
1564719029.299397230148315
1564719029.591559410095215
1564719029.891355037689209
1564719030.191356420516968
1564719030.491275310516357
1564719030.793216705322266
1564719031.094849348068237
1564719031.394664525985718
1564719031.694436550140381
1564719031.997920751571655
1564719032.390962839126587
1564719032.591058969497681
1564719032.791163682937622
1564719032.991158246994019
1564719033.191103935241699
1564719033.391178846359253
1564719033.591054916381836
1564719033.791377782821655
1564719033.991360664367676
1564719034.191272020339966
1564719034.391309976577759
1564719034.692750930786133
1564719034.892665386199951
1564719035.092887878417969
1564719035.294491291046143
1564719035.497468471527100
1564719035.697229623794556
1564719035.897227764129639
1564719036.197442054748535
1564719036.491512775421143
1564719036.691756963729858
1564719036.891397237777710
1564719037.091462850570679
1564719037.291618824005127
1564719037.491545677185059
1564719037.691523313522339
1564719037.891514301300049
1564719038.091725349426270
1564719038.291443347930908
1564719038.493259668350220
1564719038.692968606948853
1564719038.892979383468628
1564719039.094402313232422
1564719039.294426679611206
1564719039.494848251342773
1564719039.696064472198486
1564719039.795950889587402
1564719039.895750761032104
1564719039.996036529541016
1564719040.095693826675415
1564719040.195757389068604
1564719040.295765399932861
1564719040.395749807357788
1564719040.495705842971802
1564719040.595848083496094
1564719040.797417163848877
1564719040.898849010467529
1564719040.991543292999268
1564719041.090996742248535
1564719041.191110372543335
1564719041.292365789413452
1564719041.390912532806396
1564719041.590886831283569
1564719041.690859556198120
1564719041.790582895278931
1564719041.890993595123291
1564719041.990817785263062
1564719042.090914011001587
1564719042.190855741500854
1564719042.290246486663818
1564719042.390853166580200
1564719042.491078853607178
1564719042.590984106063843
1564719042.791910886764526
1564719042.891045331954956
1564719042.991041183471680
1564719043.090993404388428
1564719043.190899848937988
1564719043.390943527221680
1564719043.490662336349487
1564719043.590756416320801
1564719043.690712928771973
1564719043.790722608566284
1564719043.991000175476074
1564719044.090719461441040
1564719044.190825223922729
1564719044.390792369842529
1564719044.490750312805176
1564719044.590942621231079
1564719044.790403842926025
1564719044.891369104385376
1564719044.993024826049805
1564719045.092649698257446
1564719045.294381380081177
1564719045.694081783294678
1564719045.794000148773193
1564719045.894459962844849
1564719045.993975639343262
1564719046.094135761260986
1564719046.293456554412842
1564719046.393987417221069
1564719046.494409561157227
1564719046.595438241958618
1564719046.895412445068359
1564719046.997055768966675
1564719047.196992874145508
1564719047.396970033645630
1564719047.499946355819702
1564719047.590634584426880
1564719047.789973974227905
1564719048.092545032501221
1564719048.495358943939209
1564719048.596567869186401
1564719048.696480035781860
1564719048.795961141586304
1564719048.898442029953003
1564719048.998480558395386
1564719049.098504781723022
1564719049.198491334915161
1564719049.297895669937134
1564719049.398350954055786
1564719049.498595237731934
1564719049.598141431808472
1564719049.698086261749268
1564719049.790308713912964
1564719049.990598201751709
1564719050.090398788452148
1564719050.190587043762207
1564719050.290485858917236
1564719050.390458345413208
1564719050.894119739532471
1564719050.994292259216309
1564719051.090728282928467
1564719051.190812587738037
1564719051.390813112258911
1564719051.490804433822632
1564719051.590922594070435
1564719051.690619468688965
1564719051.789808273315430
1564719051.990499019622803
1564719052.090552330017090
1564719052.190447568893433
1564719052.390525579452515
1564719052.491012334823608
1564719052.590666532516479
1564719052.790785551071167
1564719052.991011142730713
1564719053.090726375579834
1564719053.190669775009155
1564719053.390637636184692
1564719053.590987443923950
1564719053.790498018264771
1564719053.890917778015137
1564719053.990890979766846
1564719054.190959692001343
1564719054.291002035140991
1564719054.391072034835815
1564719054.490922689437866
1564719054.591076374053955
1564719054.691022157669067
1564719054.791166782379150
1564719054.891095638275146
1564719054.991067886352539
1564719055.191001415252686
1564719055.290214300155640
1564719055.390910625457764
1564719055.491030693054199
1564719055.591145277023315
1564719055.691267728805542
1564719055.791203260421753
1564719056.092840909957886
1564719056.295127153396606
1564719056.396037817001343
1564719056.696994781494141
1564719056.796918153762817
1564719056.898485183715820
1564719056.998629331588745
1564719057.098796129226685
1564719057.198916912078857
1564719057.298408031463623
1564719057.398902177810669
1564719057.498868942260742
1564719057.598801374435425
1564719057.698788642883301
1564719057.798925161361694
1564719057.898888587951660
1564719057.998975753784180
1564719058.098943471908569
1564719058.198947668075562
1564719058.291099786758423
1564719058.391111373901367
1564719058.590939044952393
1564719058.790626764297485
1564719059.091337680816650
1564719059.191502094268799
1564719059.290672302246094
1564719059.391521215438843
1564719059.491431474685669
1564719059.591639041900635
1564719059.691442012786865
1564719059.991752624511719
1564719060.094511270523071
1564719060.194516420364380
1564719060.294481754302979
1564719060.494806766510010
1564719060.694305419921875
1564719060.794938087463379
1564719060.895657300949097
1564719060.996032238006592
1564719061.095689058303833
1564719061.195810079574585
1564719061.295910120010376
1564719061.396062374114990
1564719061.596079111099243
1564719061.696001529693604
1564719061.795896291732788
1564719061.997693777084351
1564719062.198875904083252
1564719062.298684120178223
1564719062.398813247680664
1564719062.498821258544922
1564719062.598998546600342
1564719062.699028730392456
1564719062.991525888442993
1564719063.091337680816650
1564719063.191185235977173
1564719063.290272712707520
1564719063.390931367874146
1564719063.491217136383057
1564719063.591087579727173
1564719063.691075086593628
1564719063.891125202178955
1564719063.991065502166748
1564719064.091368913650513
1564719064.191480398178101
1564719064.290883302688599
1564719064.391403913497925
1564719064.491325855255127
1564719064.591269731521606
1564719064.790799379348755
1564719064.891294956207275
1564719064.991286516189575
1564719065.091298103332520
1564719065.191309213638306
1564719065.291292190551758
1564719065.391260862350464
1564719065.491142749786377
1564719065.592927694320679
1564719065.692846298217773
1564719065.794385433197021
1564719065.894384384155273
1564719065.994438409805298
1564719066.096150159835815
1564719066.195937633514404
1564719066.296112298965454
1564719066.496171951293945
1564719066.595879793167114
1564719066.695914030075073
1564719066.795590162277222
1564719066.897337675094604
1564719066.997457981109619
1564719067.097441673278809
1564719067.298606157302856
1564719067.398610830307007
1564719067.498808860778809
1564719067.598758459091187
1564719067.698698043823242
1564719067.798716783523560
1564719067.898717164993286
1564719067.991172313690186
1564719068.090954065322876
1564719068.190926313400269
1564719068.290320396423340
1564719068.390909433364868
1564719068.490744113922119
1564719068.590941667556763
1564719068.690966367721558
1564719068.790547132492065
1564719068.891201734542847
1564719069.090859174728394
1564719069.191238403320312
1564719069.391157150268555
1564719069.491452693939209
1564719069.592749595642090
1564719069.694320917129517
1564719070.094309329986572
1564719070.293779134750366
1564719070.394427299499512
1564719070.595798015594482
1564719070.795751333236694
1564719070.895794153213501
1564719070.996123313903809
1564719071.095706462860107
1564719071.195734500885010
1564719071.295820713043213
1564719071.395812749862671
1564719071.495861530303955
1564719071.595779657363892
1564719071.695736408233643
1564719071.795671463012695
1564719071.895793676376343
1564719071.997327089309692
1564719072.097272634506226
1564719072.197299003601074
1564719072.297181844711304
1564719072.397245883941650
1564719072.699000835418701
1564719072.798972368240356
1564719072.999047279357910
1564719073.092807054519653
1564719073.192805528640747
1564719073.290400505065918
1564719073.391191005706787
1564719073.491109848022461
1564719073.591373920440674
1564719073.691386222839355
1564719073.792217969894409
1564719073.892872095108032
1564719073.992976427078247
1564719074.093284845352173
1564719074.193348407745361
1564719074.293142318725586
1564719074.393165111541748
1564719074.493081569671631
1564719074.593124389648438
1564719074.693035364151001
1564719074.997806549072266
1564719075.197560310363770
1564719075.297563314437866
1564719075.397513628005981
1564719075.497639656066895
1564719075.597752571105957
1564719075.697753906250000
1564719075.797849416732788
1564719075.897796630859375
1564719075.997692823410034
1564719076.097640037536621
1564719076.197578191757202
1564719076.298955440521240
1564719076.498855352401733
1564719076.598950624465942
1564719076.699086904525757
1564719076.798986196517944
1564719076.899200677871704
1564719076.999357223510742
1564719077.099422454833984
1564719077.199383497238159
1564719077.299292325973511
1564719077.391336441040039
1564719077.491217851638794
1564719077.591291904449463
1564719077.691113710403442
1564719077.791208744049072
1564719077.991369962692261
1564719078.097732305526733
1564719078.197711467742920
1564719078.297774314880371
1564719078.397807121276855
1564719078.497900724411011
1564719078.597860336303711
1564719078.697949409484863
1564719078.797868967056274
1564719078.997737884521484
1564719079.197825431823730
1564719079.397711277008057
1564719079.597787141799927
1564719079.898067712783813
1564719080.099541664123535
1564719080.391422748565674
1564719080.591762065887451
1564719080.895025491714478
1564719081.199461936950684
1564719081.399188280105591
1564719081.799135684967041
1564719081.999329328536987
1564719082.291775703430176
1564719082.591410875320435
1564719082.893207550048828
1564719083.293119668960571
1564719083.593286752700806
1564719083.893145561218262
1564719084.192968606948853
1564719084.393178939819336
1564719084.593285322189331
1564719084.796424627304077
1564719084.996442794799805
1564719085.295548439025879
1564719085.497789144515991
1564719085.697604894638062
1564719085.897739171981812
1564719086.091732263565063
1564719086.291303157806396
1564719086.491795301437378
1564719086.691746711730957
1564719086.893374919891357
1564719087.093130588531494
1564719087.292412519454956
1564719087.494636297225952
1564719087.796006202697754
1564719087.997865438461304
1564719088.198029279708862
1564719088.397901773452759
1564719088.597889184951782
1564719088.799338340759277
1564719088.991500616073608
1564719089.191532135009766
1564719089.391423463821411
1564719089.591549873352051
1564719089.791898250579834
1564719089.991647958755493
1564719090.191364288330078
1564719090.391589164733887
1564719090.591713428497314
1564719090.792766571044922
1564719090.991530179977417
1564719091.191534280776978
1564719091.391975402832031
1564719091.591636419296265
1564719091.791265726089478
1564719092.191668987274170
1564719092.493136882781982
1564719092.795628070831299
1564719092.997606039047241
1564719093.197788953781128
1564719093.397682905197144
1564719093.597750186920166
1564719093.797648429870605
1564719093.997592687606812
1564719094.197536468505859
1564719094.397470474243164
1564719094.597534418106079
1564719094.899309158325195
1564719095.091429233551025
1564719095.290808916091919
1564719095.491746902465820
1564719095.791364431381226
1564719096.093517303466797
1564719096.293601751327515
1564719096.493439197540283
1564719096.693304300308228
1564719096.893120527267456
1564719097.093176603317261
1564719097.294164657592773
1564719097.494658470153809
1564719097.694687604904175
1564719097.897835016250610
1564719098.097953319549561
1564719098.298093318939209
1564719098.599354267120361
1564719098.800872564315796
1564719098.991571187973022
1564719099.191547870635986
1564719099.391676664352417
1564719099.593300580978394
1564719099.792797327041626
1564719099.996432304382324
1564719100.196188926696777
1564719100.397634744644165
1564719100.597744226455688
1564719100.797930717468262
1564719100.997962713241577
1564719101.291831254959106
1564719101.591679573059082
1564719101.791316270828247
1564719101.991730451583862
1564719102.191649436950684
1564719102.391726255416870
1564719102.591395616531372
1564719102.792354345321655
1564719102.991660594940186
1564719103.191488981246948
1564719103.391907930374146
1564719103.591734886169434
1564719103.891705751419067
1564719104.091698169708252
1564719104.291238069534302
1564719104.492887258529663
1564719104.691842079162598
1564719104.893255710601807
1564719105.092989444732666
1564719105.292766094207764
1564719105.493794441223145
1564719105.693314313888550
1564719105.893299341201782
1564719106.093250989913940
1564719106.292511940002441
1564719106.493226289749146
1564719106.693227529525757
1564719106.893134117126465
1564719107.197623968124390
1564719107.397686958312988
1564719107.597871303558350
1564719108.199279308319092
1564719108.399128913879395
1564719108.599265336990356
1564719108.798470973968506
1564719108.991633176803589
1564719109.194791316986084
1564719109.396260976791382
1564719109.596408843994141
1564719109.797854185104370
1564719110.000786781311035
1564719110.298903703689575
1564719110.491603374481201
1564719110.691348314285278
1564719110.891447067260742
1564719111.191318988800049
1564719111.391546726226807
1564719111.591897249221802
1564719111.790925979614258
1564719111.992918014526367
1564719112.195740699768066
1564719112.397707700729370
1564719112.597738265991211
1564719112.797210454940796
1564719112.997764825820923
1564719113.197528123855591
1564719113.597421884536743
1564719113.999278306961060
1564719114.191292047500610
1564719114.391276359558105
1564719114.591278076171875
1564719114.790365457534790
1564719114.991357326507568
1564719115.191333055496216
1564719115.391632318496704
1564719115.591214179992676
1564719115.790595293045044
1564719116.093076229095459
1564719116.294362783432007
1564719116.494615077972412
1564719116.694557189941406
1564719116.896110534667969
1564719117.096121072769165
1564719117.397762775421143
1564719117.597758769989014
1564719117.797512292861938
1564719117.999214649200439
1564719118.298644065856934
1564719118.499489784240723
1564719118.991322994232178
1564719119.191368341445923
1564719119.391410589218140
1564719119.591425895690918
1564719119.790745019912720
1564719119.991443395614624
1564719120.191349267959595
1564719120.393152475357056
1564719120.694782972335815
1564719120.894611597061157
1564719121.094610929489136
1564719121.294589281082153
1564719121.597585678100586
1564719121.797459602355957
1564719121.991107225418091
1564719122.191215038299561
1564719122.391310453414917
1564719122.591152429580688
1564719122.791055917739868
1564719122.991350889205933
1564719123.191310405731201
1564719123.391519546508789
1564719123.591453075408936
1564719123.791195869445801
1564719123.991542577743530
1564719124.191405296325684
1564719124.391164064407349
1564719124.592875719070435
1564719124.792441368103027
1564719124.992873907089233
1564719125.295037984848022
1564719125.490753650665283
1564719125.690891265869141
1564719125.891127586364746
1564719126.091180562973022
1564719126.290579557418823
1564719126.391062021255493
1564719126.492534160614014
1564719126.590958833694458
1564719126.691056489944458
1564719126.791356563568115
1564719126.991410732269287
1564719127.091403722763062
1564719127.292184352874756
1564719127.393020153045654
1564719127.492928504943848
1564719127.695838212966919
1564719127.797204732894897
1564719127.897470235824585
1564719127.997621059417725
1564719128.391364336013794
1564719128.491215944290161
1564719128.591245174407959
1564719128.691210031509399
1564719128.791209459304810
1564719128.891262292861938
1564719129.191448688507080
1564719129.391442537307739
1564719129.491438388824463
1564719129.591460943222046
1564719129.692984342575073
1564719129.792320013046265
1564719129.893267869949341
1564719130.092895269393921
1564719130.292582988739014
1564719130.392983198165894
1564719130.493065357208252
1564719130.593042850494385
1564719130.692986965179443
1564719130.894196510314941
1564719130.994501113891602
1564719131.094467878341675
1564719131.194255590438843
1564719131.293839216232300
1564719131.395916938781738
1564719131.496048450469971
1564719131.597878456115723
1564719131.797494888305664
1564719131.897857189178467
1564719131.999337911605835
1564719132.091416120529175
1564719132.191490888595581
1564719132.290888786315918
1564719132.391244649887085
1564719132.491245508193970
1564719132.591155290603638
1564719132.790859222412109
1564719132.891261339187622
1564719132.991432666778564
1564719133.091561079025269
1564719133.191846847534180
1564719133.292735576629639
1564719133.393354654312134
1564719133.493410587310791
1564719133.593188524246216
1564719133.693036794662476
1564719133.792562961578369
1564719133.893405914306641
1564719134.093249082565308
1564719134.193236827850342
1564719134.494696378707886
1564719134.597513437271118
1564719134.790961980819702
1564719135.193038225173950
1564719135.391550064086914
1564719135.590721130371094
1564719135.691469430923462
1564719135.791657447814941
1564719135.997571229934692
1564719136.097456932067871
1564719136.197561502456665
1564719136.296762704849243
1564719136.597597122192383
1564719136.799034595489502
1564719136.899095535278320
1564719136.998895883560181
1564719137.099044084548950
1564719137.199147224426270
1564719137.391359567642212
1564719137.591262817382812
1564719137.691236972808838
1564719137.990898847579956
1564719138.191000461578369
1564719138.592948436737061
1564719138.693033695220947
1564719138.893170118331909
1564719138.993028163909912
1564719139.093548774719238
1564719139.294443368911743
1564719139.396143674850464
1564719139.597370386123657
1564719139.797587156295776
1564719139.897499561309814
1564719139.997514486312866
1564719140.197339057922363
1564719140.397474050521851
1564719140.497456550598145
1564719140.597227096557617
1564719140.697762489318848
1564719140.797547578811646
1564719140.897749423980713
1564719140.997615337371826
1564719141.097629547119141
1564719141.397696018218994
1564719141.597352981567383
1564719141.797049760818481
1564719141.897477865219116
1564719141.997445583343506
1564719142.197504520416260
1564719142.297524452209473
1564719142.397793531417847
1564719142.598808288574219
1564719142.699063301086426
1564719142.798461437225342
1564719142.891126155853271
1564719142.991120100021362
1564719143.091105461120605
1564719143.191151618957520
1564719143.391168832778931
1564719143.694486379623413
1564719143.894289731979370
1564719143.994239568710327
1564719144.194226264953613
1564719144.293622493743896
1564719144.394421577453613
1564719144.494441747665405
1564719144.594596147537231
1564719144.694579601287842
1564719144.794077634811401
1564719144.994356155395508
1564719145.196001529693604
1564719145.597492933273315
1564719145.796844244003296
1564719145.997520446777344
1564719146.098968744277954
1564719146.199151039123535
1564719146.298632621765137
1564719146.399063348770142
1564719146.690999031066895
1564719146.791622877120972
1564719146.891296863555908
1564719146.991246700286865
1564719147.191260337829590
1564719147.291613578796387
1564719147.391236305236816
1564719147.491385698318481
1564719147.591101646423340
1564719147.691357612609863
1564719147.791303157806396
1564719147.891221046447754
1564719147.991526365280151
1564719148.091450929641724
1564719148.292757987976074
1564719148.392651796340942
1564719148.492598772048950
1564719148.592483520507812
1564719148.692845106124878
1564719148.794416427612305
1564719148.894566059112549
1564719148.994628667831421
1564719149.094422340393066
1564719149.294350624084473
1564719149.394324541091919
1564719149.494189739227295
1564719149.594142913818359
1564719149.694112062454224
1564719149.794686555862427
1564719149.894377470016479
1564719149.994439125061035
1564719150.094329357147217
1564719150.194357395172119
1564719150.494235992431641
1564719150.694086313247681
1564719150.991001367568970
1564719151.290978193283081
1564719151.391014337539673
1564719151.491173028945923
1564719151.591133832931519
1564719151.692617893218994
1564719151.791500568389893
1564719151.892832756042480
1564719151.991608619689941
1564719152.091506481170654
1564719152.191667556762695
1564719152.291510105133057
1564719152.391390323638916
1564719152.491369724273682
1564719152.591476917266846
1564719152.691540241241455
1564719152.791557788848877
1564719152.891457796096802
1564719152.991335630416870
1564719153.092798471450806
1564719153.292867422103882
1564719153.393035173416138
1564719153.492954015731812
1564719153.592850446701050
1564719153.692898988723755
1564719153.792920827865601
1564719153.892884492874146
1564719154.092836856842041
1564719154.292825698852539
1564719154.492804288864136
1564719154.692856788635254
1564719154.892952919006348
1564719155.093010187149048
1564719155.492768287658691
1564719155.692744970321655
1564719155.892880678176880
1564719156.092073440551758
1564719156.292763471603394
1564719156.492626905441284
1564719156.692781209945679
1564719156.892495155334473
1564719157.094280719757080
1564719157.293976783752441
1564719157.494201898574829
1564719157.697085142135620
1564719157.898623466491699
1564719158.198866844177246
1564719158.398965597152710
1564719158.598768234252930
1564719158.798971891403198
1564719158.990916490554810
1564719159.192414045333862
1564719159.390913009643555
1564719159.590394973754883
1564719159.790911197662354
1564719159.990849256515503
1564719160.190948009490967
1564719160.391355037689209
1564719161.390859603881836
1564719161.591185569763184
1564719161.792536258697510
1564719162.093345165252686
1564719162.294133663177490
1564719162.495782375335693
1564719162.796973466873169
1564719162.998555421829224
1564719163.391182899475098
1564719163.591048717498779
1564719163.790837287902832
1564719163.990689992904663
1564719164.193818569183350
1564719164.395408630371094
1564719164.597171545028687
1564719164.797426939010620
1564719164.999050855636597
1564719165.198884010314941
1564719165.398575305938721
1564719165.598583459854126
1564719165.790647983551025
1564719165.990907430648804
1564719166.291263580322266
1564719166.490942478179932
1564719166.690900802612305
1564719166.891035795211792
1564719167.091007947921753
1564719167.591096878051758
1564719167.991098403930664
1564719168.293075084686279
1564719168.490822315216064
1564719168.690714836120605
1564719168.790821552276611
1564719168.890952587127686
1564719169.092041492462158
1564719169.191083192825317
1564719169.291229724884033
1564719169.793334722518921
1564719170.194448947906494
1564719170.298926353454590
1564719170.398873090744019
1564719170.498938560485840
1564719170.590358734130859
1564719170.691184282302856
1564719170.791232585906982
1564719170.890993833541870
1564719170.991176605224609
1564719171.091234922409058
1564719171.191350221633911
1564719171.291316032409668
1564719171.391319036483765
1564719171.591618776321411
1564719171.791534662246704
1564719171.891307115554810
1564719171.991202116012573
1564719172.092747926712036
1564719172.292957782745361
1564719173.095283985137939
1564719173.196004390716553
1564719173.396236658096313
1564719173.597616672515869
1564719173.791130304336548
1564719173.891137838363647
1564719173.991154909133911
1564719174.191348075866699
1564719174.291582107543945
1564719174.391500473022461
1564719174.590847492218018
1564719174.791490554809570
1564719174.991587638854980
1564719175.191609144210815
1564719175.291613340377808
1564719175.391836881637573
1564719175.491589784622192
1564719175.590908050537109
1564719175.991594791412354
1564719176.091189861297607
1564719176.191607952117920
1564719177.296130657196045
1564719177.397428035736084
1564719177.697492361068726
1564719177.797701358795166
1564719177.997735261917114
1564719178.197503328323364
1564719178.397428274154663
1564719178.598960876464844
1564719178.791644334793091
1564719178.891343593597412
1564719178.991472482681274
1564719179.191653013229370
1564719179.491548299789429
1564719179.791791439056396
1564719179.991543054580688
1564719180.191598653793335
1564719180.394833087921143
1564719180.694765806198120
1564719180.894844770431519
1564719181.094048500061035
1564719181.396334171295166
1564719181.596356868743896
1564719181.797685146331787
1564719181.997480392456055
1564719182.197765827178955
1564719182.691518068313599
1564719182.991699934005737
1564719183.091367721557617
1564719183.191458225250244
1564719183.693068265914917
1564719183.795054435729980
1564719183.894807338714600
1564719183.994830846786499
1564719184.094323158264160
1564719184.194682121276855
1564719184.294907093048096
1564719184.394600868225098
1564719184.694797277450562
1564719184.894731760025024
1564719184.996204137802124
1564719185.095813512802124
1564719185.196391344070435
1564719185.397862672805786
1564719185.497689247131348
1564719185.597596406936646
1564719185.697612047195435
1564719185.997484683990479
1564719186.096845149993896
1564719186.197572946548462
1564719186.299815177917480
1564719186.399161815643311
1564719186.599136114120483
1564719186.691339492797852
1564719186.791326284408569
1564719186.891366958618164
1564719187.091030597686768
1564719187.191647768020630
1564719187.294753789901733
1564719187.394954919815063
1564719187.594534397125244
1564719188.094435214996338
1564719188.294768095016479
1564719188.394806861877441
1564719188.494601726531982
1564719188.694658041000366
1564719188.794671297073364
1564719188.894898414611816
1564719188.994953393936157
1564719189.094783306121826
1564719189.294616937637329
1564719189.394480466842651
1564719189.899011373519897
1564719190.098448753356934
1564719190.199108362197876
1564719190.299380302429199
1564719190.399329900741577
1564719190.499146223068237
1564719190.598582744598389
1564719190.799617767333984
1564719190.899337291717529
1564719190.999099731445312
1564719191.099183797836304
1564719191.199305772781372
1564719191.291410923004150
1564719191.391440391540527
1564719191.491248846054077
1564719191.590711593627930
1564719191.691246747970581
1564719191.791178941726685
1564719191.890630245208740
1564719191.991091966629028
1564719192.090476036071777
1564719192.291244268417358
1564719192.391438961029053
1564719192.491483688354492
1564719192.591263771057129
1564719192.791182756423950
1564719192.891198158264160
1564719192.991359710693359
1564719193.090988636016846
1564719193.191749334335327
1564719193.291739702224731
1564719193.391683340072632
1564719193.491645097732544
1564719193.590816497802734
1564719193.691585779190063
1564719193.791496276855469
1564719193.891534090042114
1564719193.991679430007935
1564719194.293093442916870
1564719194.492962837219238
1564719194.795998573303223
1564719195.199462652206421
1564719195.391367197036743
1564719195.591326236724854
1564719195.791800498962402
1564719195.993177413940430
1564719196.194726467132568
1564719196.597520589828491
1564719196.797795534133911
1564719196.999349594116211
1564719197.191463232040405
1564719197.391227722167969
1564719197.590623140335083
1564719197.791254758834839
1564719197.991544246673584
1564719198.291619300842285
1564719198.491572141647339
1564719198.693036317825317
1564719198.893087148666382
1564719199.095704078674316
1564719199.295962095260620
1564719199.496072530746460
1564719199.695840835571289
1564719199.896125793457031
1564719200.096226453781128
1564719200.296113252639771
1564719200.495995998382568
1564719200.695900201797485
1564719200.895612478256226
1564719201.098802089691162
1564719201.299276590347290
1564719201.491219520568848
1564719201.691211223602295
1564719201.891275882720947
1564719202.291049242019653
1564719202.491314411163330
1564719202.691600561141968
1564719202.991763353347778
1564719203.293012619018555
1564719203.492758989334106
1564719203.693116903305054
1564719203.893092632293701
1564719204.093409776687622
1564719204.293014526367188
1564719204.892057657241821
1564719205.092880010604858
1564719205.294635057449341
1564719205.494678020477295
1564719205.694672822952271
1564719205.794605016708374
1564719205.894052505493164
1564719205.994569540023804
1564719206.094367265701294
1564719206.294696092605591
1564719206.494640827178955
1564719206.594719886779785
1564719206.794789552688599
1564719206.894826173782349
1564719206.994915246963501
1564719207.094783306121826
1564719207.191571950912476
1564719207.291421651840210
1564719207.391027688980103
1564719207.491105794906616
1564719207.591053247451782
1564719207.691068410873413
1564719207.791167974472046
1564719207.891131162643433
1564719207.991140365600586
1564719208.091408967971802
1564719208.191080808639526
1564719208.290941238403320
1564719208.390641450881958
1564719208.491017103195190
1564719208.591034650802612
1564719208.791157245635986
1564719208.891204357147217
1564719208.990951061248779
1564719209.091431617736816
1564719209.191051244735718
1564719209.291126728057861
1564719209.390868186950684
1564719209.491564035415649
1564719209.591618776321411
1564719209.691355466842651
1564719209.791433334350586
1564719209.891519546508789
1564719209.991590738296509
1564719210.091552495956421
1564719210.191475868225098
1564719210.291825294494629
1564719210.391568660736084
1564719210.491472959518433
1564719210.591670274734497
1564719210.791650772094727
1564719210.991466522216797
1564719211.291650772094727
1564719211.691736459732056
1564719211.791502475738525
1564719211.891638040542603
1564719212.091139793395996
1564719212.191147565841675
1564719212.291254997253418
1564719212.391261339187622
1564719212.491551399230957
1564719212.591812133789062
1564719213.193068742752075
1564719213.597725391387939
1564719213.698976516723633
1564719213.799039602279663
1564719213.898932695388794
1564719213.998880624771118
1564719214.098994493484497
1564719214.198867559432983
1564719214.298986434936523
1564719214.398231029510498
1564719214.498971462249756
1564719214.598912000656128
1564719214.698877096176147
1564719214.798917770385742
1564719214.898397445678711
1564719214.991136550903320
1564719215.090898513793945
1564719215.191088199615479
1564719215.291954517364502
1564719215.390336036682129
1564719215.491206884384155
1564719215.592725753784180
1564719215.692922115325928
1564719215.792833805084229
1564719215.894361019134521
1564719215.994465351104736
1564719216.094450473785400
1564719216.195716619491577
1564719216.295566797256470
1564719216.395544528961182
1564719216.495636224746704
1564719216.598646879196167
1564719216.695657968521118
1564719216.795669317245483
1564719216.895804882049561
1564719216.995944023132324
1564719217.095629215240479
1564719217.195595741271973
1564719217.295682668685913
1564719217.397460460662842
1564719217.498617410659790
1564719217.698678970336914
1564719217.798622608184814
1564719217.998617172241211
1564719218.098467826843262
1564719218.198373556137085
1564719218.398621797561646
1564719218.498497486114502
1564719218.598892688751221
1564719218.798580169677734
1564719218.898098945617676
1564719218.998471260070801
1564719219.098887443542480
1564719219.193951606750488
1564719219.595547914505005
1564719219.695383548736572
1564719219.997312784194946
1564719220.098736286163330
1564719220.198750495910645
1564719220.398622035980225
1564719220.690756559371948
1564719220.790782928466797
1564719220.890808820724487
1564719220.990702390670776
1564719221.090654373168945
1564719221.190971136093140
1564719221.290911674499512
1564719221.390474557876587
1564719221.491784811019897
1564719221.591142177581787
1564719221.690873146057129
1564719221.790933609008789
1564719221.890811920166016
1564719222.090636968612671
1564719222.290618658065796
1564719222.491053819656372
1564719222.691125154495239
1564719222.891107320785522
1564719223.092127561569214
1564719223.292297363281250
1564719223.492078304290771
1564719223.693479537963867
1564719223.894844770431519
1564719224.096006870269775
1564719224.296828508377075
1564719224.598103761672974
1564719224.897783041000366
1564719225.098485231399536
1564719225.298190355300903
1564719225.498060941696167
1564719225.798375606536865
1564719225.998242616653442
1564719226.198299646377563
1564719226.397992372512817
1564719226.598546981811523
1564719226.790857553482056
1564719226.990770339965820
1564719227.190592527389526
1564719227.390035390853882
1564719227.590491294860840
1564719227.791186332702637
1564719227.991103410720825
1564719228.092708349227905
1564719228.494032382965088
1564719228.594181299209595
1564719228.693810462951660
1564719228.793986558914185
1564719228.893670558929443
1564719228.994107246398926
1564719229.095771789550781
1564719229.195874452590942
1564719229.295321226119995
1564719229.495311975479126
1564719229.595650672912598
1564719229.695337295532227
1564719229.798499822616577
1564719229.898453712463379
1564719229.999912977218628
1564719230.090508460998535
1564719230.190464735031128
1564719230.292263984680176
1564719230.390130519866943
1564719230.491036415100098
1564719230.591041088104248
1564719230.691093444824219
1564719230.791148662567139
1564719230.891081333160400
1564719230.991158008575439
1564719231.091076612472534
1564719231.191104412078857
1564719231.292607545852661
1564719231.398020029067993
1564719231.498468160629272
1564719231.600111961364746
1564719231.693820953369141
1564719231.793954849243164
1564719231.893091440200806
1564719231.995475292205811
1564719232.097117424011230
1564719232.197014331817627
1564719232.297048568725586
1564719232.396502971649170
1564719232.497021675109863
1564719232.597257375717163
1564719232.696952819824219
1564719232.796956300735474
1564719232.996973752975464
1564719233.196937322616577
1564719233.296834707260132
1564719233.396209478378296
1564719233.698475837707520
1564719233.798484325408936
1564719233.897932291030884
1564719233.998472452163696
1564719234.091605186462402
1564719234.190648078918457
1564719234.290603160858154
1564719234.391607761383057
1564719234.490687847137451
1564719234.690515279769897
1564719234.790689229965210
1564719234.890056610107422
1564719234.990975141525269
1564719235.090847015380859
1564719235.191008806228638
1564719235.291025161743164
1564719235.390297174453735
1564719235.490970611572266
1564719235.590844392776489
1564719235.690957784652710
1564719235.791000604629517
1564719235.892039060592651
1564719235.992484092712402
1564719236.092549324035645
1564719236.391683816909790
1564719236.492502927780151
1564719236.693896770477295
1564719236.793731689453125
1564719236.893262386322021
1564719237.093791246414185
1564719237.293893814086914
1564719237.393356800079346
1564719237.494117021560669
1564719237.694175243377686
1564719237.894106149673462
1564719237.997106075286865
1564719238.798525333404541
1564719238.998450517654419
1564719239.098903179168701
1564719239.198336362838745
1564719239.298313379287720
1564719239.398097753524780
1564719239.498478412628174
1564719239.598750829696655
1564719239.700250864028931
1564719239.790944337844849
1564719239.990863561630249
1564719240.190612316131592
1564719240.290591239929199
1564719240.389975547790527
1564719240.590633392333984
1564719240.690623283386230
1564719240.890648365020752
1564719240.990803718566895
1564719241.090970277786255
1564719241.190949678421021
1564719241.390670061111450
1564719241.492596626281738
1564719241.592649221420288
1564719241.694192886352539
1564719241.795930862426758
1564719241.895100116729736
1564719241.996880054473877
1564719242.097108840942383
1564719242.196706771850586
1564719242.296856164932251
1564719242.397606134414673
1564719242.499907016754150
1564719242.590539455413818
1564719242.690571069717407
1564719242.890243053436279
1564719242.990473508834839
1564719243.190546035766602
1564719243.390128612518311
1564719243.590464353561401
1564719243.690531015396118
1564719243.790579795837402
1564719243.990824699401855
1564719244.090755701065063
1564719244.192277669906616
1564719244.292208671569824
1564719244.391509771347046
1564719244.492210149765015
1564719244.693906545639038
1564719244.793926477432251
1564719244.893145799636841
1564719244.995429515838623
1564719245.195369005203247
1564719245.295372009277344
1564719245.394619226455688
1564719245.495248556137085
1564719245.596786260604858
1564719245.696426153182983
1564719245.798328399658203
1564719245.890275001525879
1564719245.990695238113403
1564719246.092105150222778
1564719246.192103624343872
1564719246.292228937149048
1564719246.391650199890137
1564719246.492357730865479
1564719246.592423439025879
1564719246.692327260971069
1564719246.792474031448364
1564719246.892051458358765
1564719246.992620706558228
1564719247.092549324035645
1564719247.192646980285645
1564719247.292501688003540
1564719247.392082214355469
1564719247.492470502853394
1564719247.592494249343872
1564719247.693907499313354
1564719247.793776988983154
1564719248.093752861022949
1564719248.293850183486938
1564719248.493998289108276
1564719248.997298717498779
1564719249.198747873306274
1564719249.390905141830444
1564719249.590727329254150
1564719249.790790319442749
1564719249.991424560546875
1564719250.190399646759033
1564719250.391023159027100
1564719250.590886116027832
1564719250.791125059127808
1564719250.992669582366943
1564719251.191727876663208
1564719251.393814563751221
1564719251.593700885772705
1564719251.895450830459595
1564719252.196505308151245
1564719252.396881341934204
1564719252.596873760223389
1564719252.797056913375854
1564719253.198415279388428
1564719253.398746728897095
1564719253.598506212234497
1564719253.790595054626465
1564719253.991386413574219
1564719254.190332651138306
1564719254.390570163726807
1564719254.590802192687988
1564719254.792685270309448
1564719254.992635965347290
1564719255.192409753799438
1564719255.392354965209961
1564719255.592232465744019
1564719255.793992757797241
1564719256.095231533050537
1564719256.295384645462036
1564719256.495471000671387
1564719256.694964408874512
1564719256.895313501358032
1564719257.095318317413330
1564719257.295563459396362
1564719257.495787620544434
1564719257.695238828659058
1564719257.895567178726196
1564719258.095363855361938
1564719258.295405387878418
1564719258.497049331665039
1564719258.697069644927979
1564719258.897006034851074
1564719259.096756219863892
1564719259.298306226730347
1564719259.498409032821655
1564719259.698515892028809
1564719259.898545980453491
1564719260.098637819290161
1564719260.298380374908447
1564719260.490676641464233
1564719260.690601110458374
1564719260.890662908554077
1564719261.091027736663818
1564719261.290931224822998
1564719261.490825176239014
1564719261.692636966705322
1564719261.893727540969849
1564719262.093902349472046
1564719262.295506954193115
1564719262.495607137680054
1564719262.695460557937622
1564719262.896774291992188
1564719263.098467350006104
1564719263.290453195571899
1564719263.489704132080078
1564719263.690624713897705
1564719263.890583515167236
1564719264.090822696685791
1564719264.290995359420776
1564719264.490137577056885
1564719264.892302274703979
1564719265.095368623733521
1564719265.293663978576660
1564719265.493747711181641
1564719265.695603609085083
1564719265.995919704437256
1564719266.198615550994873
1564719266.497884273529053
1564719266.690573215484619
1564719266.890391588211060
1564719267.090387105941772
1564719267.390670299530029
1564719267.590780258178711
1564719267.790894031524658
1564719267.990049362182617
1564719268.190457820892334
1564719268.390191793441772
1564719268.591606616973877
1564719268.793282270431519
1564719268.992561578750610
1564719269.293519973754883
1564719269.493599653244019
1564719269.693230867385864
1564719269.893050193786621
1564719270.093163490295410
1564719270.293338775634766
1564719270.493075132369995
1564719270.693190336227417
1564719270.896407365798950
1564719271.096313238143921
1564719271.396409034729004
1564719271.596607446670532
1564719271.796439886093140
1564719271.995525836944580
1564719272.196145772933960
1564719272.397807359695435
1564719272.597725629806519
1564719272.797667026519775
1564719272.997302532196045
1564719273.197642803192139
1564719273.397651910781860
1564719273.597661733627319
1564719273.789803981781006
1564719273.989423036575317
1564719274.189725637435913
1564719274.389904022216797
1564719274.690212249755859
1564719274.990212678909302
1564719275.189898252487183
1564719275.390154123306274
1564719275.590370416641235
1564719275.790590047836304
1564719275.990112304687500
1564719276.189957141876221
1564719276.390136003494263
1564719276.590309858322144
1564719276.791748762130737
1564719276.991672039031982
1564719277.191546201705933
1564719277.391745328903198
1564719277.593626976013184
1564719277.794803619384766
1564719277.998040676116943
1564719278.197704792022705
1564719278.397766113281250
1564719278.590096473693848
1564719278.790421485900879
1564719278.990356445312500
1564719279.190532445907593
1564719279.390600919723511
1564719279.591334581375122
1564719279.790409564971924
1564719279.990735292434692
1564719280.191378593444824
1564719280.390323877334595
1564719280.590100765228271
1564719280.789763927459717
1564719280.990109205245972
1564719281.190034151077271
1564719281.390373468399048
1564719281.590335845947266
1564719281.790131807327271
1564719281.990811347961426
1564719282.290973186492920
1564719282.393214225769043
1564719282.493323087692261
1564719282.693275690078735
1564719282.792422771453857
1564719282.893232107162476
1564719282.994900941848755
1564719283.094889879226685
1564719283.397493600845337
1564719283.597548961639404
1564719283.689538478851318
1564719283.789521455764771
1564719283.889321327209473
1564719283.989733695983887
1564719284.089540004730225
1564719284.189634561538696
1564719284.389979600906372
1564719284.490187168121338
1564719284.591713905334473
1564719284.692985773086548
1564719284.792288064956665
1564719284.892857551574707
1564719285.094659566879272
1564719285.294462203979492
1564719285.595974445343018
1564719285.896014928817749
1564719286.096052408218384
1564719286.197574377059937
1564719286.397638797760010
1564719286.497778654098511
1564719286.597607374191284
1564719286.697629690170288
1564719286.789472103118896
1564719286.890852689743042
1564719286.989648818969727
1564719287.089638710021973
1564719287.189576148986816
1564719287.290933847427368
1564719287.389548063278198
1564719287.489551305770874
1564719287.590096950531006
1564719287.689786911010742
1564719287.789415597915649
1564719287.890217304229736
1564719287.991067886352539
1564719288.090102195739746
1564719288.290165185928345
1564719288.389883279800415
1564719288.489793777465820
1564719288.589728355407715
1564719288.689770698547363
1564719288.790948390960693
1564719288.892963409423828
1564719289.093004226684570
1564719289.193299770355225
1564719289.296081066131592
1564719289.397552490234375
1564719289.497582435607910
1564719289.589292764663696
1564719289.689719200134277
1564719289.789798974990845
1564719289.889653682708740
1564719289.989678144454956
1564719290.089244842529297
1564719290.189886569976807
1564719290.289821386337280
1564719290.389812946319580
1564719290.489893674850464
1564719290.589906692504883
1564719290.689954996109009
1564719290.789912939071655
1564719290.889672279357910
1564719290.989717721939087
1564719291.089963197708130
1564719291.189887762069702
1564719291.292980909347534
1564719291.393118381500244
1564719291.593249797821045
1564719291.693303346633911
1564719291.894739627838135
1564719292.096018075942993
1564719292.296105384826660
1564719292.497697591781616
1564719292.697688579559326
1564719292.997684955596924
1564719293.197588682174683
1564719293.397647857666016
1564719293.597929954528809
1564719293.789983034133911
1564719293.989641427993774
1564719294.189551830291748
1564719294.389688730239868
1564719294.591241121292114
1564719294.790456533432007
1564719294.989985227584839
1564719295.189847469329834
1564719295.391439437866211
1564719295.592085599899292
1564719295.792725563049316
1564719295.992859125137329
1564719296.194384813308716
1564719296.395818233489990
1564719296.699162721633911
1564719296.989673137664795
1564719297.289855480194092
1564719297.589484214782715
1564719297.989649295806885
1564719298.489909648895264
1564719298.889660835266113
1564719299.292923688888550
1564719299.692759513854980
1564719299.995845556259155
1564719300.295864582061768
1564719300.596658945083618
1564719300.897433280944824
1564719301.197507858276367
1564719301.590234994888306
1564719301.989599704742432
1564719302.389589309692383
1564719302.691135644912720
1564719302.994240283966064
1564719303.294281244277954
1564719303.595536708831787
1564719303.795409202575684
1564719303.995465755462646
1564719304.195505619049072
1564719304.395281076431274
1564719304.595975637435913
1564719304.788849115371704
1564719304.989174127578735
1564719305.289230108261108
1564719305.491061449050903
1564719305.691188812255859
1564719305.892603397369385
1564719306.091891765594482
1564719306.292528867721558
1564719306.492517471313477
1564719306.692476272583008
1564719306.892467021942139
1564719307.092426300048828
1564719307.292713403701782
1564719307.492436647415161
1564719307.692476987838745
1564719307.892515420913696
1564719308.092305421829224
1564719308.294039249420166
1564719308.494267940521240
1564719308.695588588714600
1564719308.794257164001465
1564719308.893778800964355
1564719308.994250059127808
1564719309.094158649444580
1564719309.195501565933228
1564719309.295441389083862
1564719309.395478963851929
1564719309.495356559753418
1564719309.595408201217651
1564719309.695589542388916
1564719309.795574665069580
1564719309.895567655563354
1564719309.995631694793701
1564719310.095453500747681
1564719310.195502042770386
1564719310.295518636703491
1564719310.394773483276367
1564719310.495445966720581
1564719310.595244169235229
1564719310.695179700851440
1564719310.795222997665405
1564719310.895203828811646
1564719310.995498418807983
1564719311.095815896987915
1564719311.195483922958374
1564719311.295586824417114
1564719311.397017955780029
1564719311.496973276138306
1564719311.597434282302856
1564719311.696785211563110
1564719311.796802997589111
1564719311.896301507949829
1564719311.996860265731812
1564719312.097142219543457
1564719312.189615249633789
1564719312.292453050613403
1564719312.392236948013306
1564719312.492538452148438
1564719312.692330121994019
1564719312.792187213897705
1564719312.891552686691284
1564719313.093959331512451
1564719313.294110536575317
1564719313.495595216751099
1564719313.595643997192383
1564719313.795431375503540
1564719313.895467519760132
1564719313.996889591217041
1564719314.089712858200073
1564719314.189148187637329
1564719314.388416767120361
1564719314.589172363281250
1564719314.789007902145386
1564719314.888406276702881
1564719314.989160776138306
1564719315.189321279525757
1564719315.289425373077393
1564719315.389086723327637
1564719315.490967273712158
1564719315.591124773025513
1564719315.792434692382812
1564719315.893147706985474
1564719316.389135360717773
1564719316.489587783813477
1564719316.589489936828613
1564719316.689566373825073
1564719316.789567947387695
1564719316.891947984695435
1564719316.991171836853027
1564719317.191097974777222
1564719317.290937185287476
1564719317.390961647033691
1564719317.490730524063110
1564719317.590949535369873
1564719317.690909147262573
1564719317.790748357772827
1564719317.890045404434204
1564719317.992215633392334
1564719318.093675613403320
1564719318.193710088729858
1564719318.293824434280396
1564719318.494003057479858
1564719318.594129562377930
1564719318.694190263748169
1564719318.794160127639771
1564719318.893272399902344
1564719318.993927240371704
1564719319.095409393310547
1564719319.195380449295044
1564719319.295329093933105
1564719319.394763708114624
1564719319.495502710342407
1564719319.598764896392822
1564719319.789437294006348
1564719319.989367246627808
1564719320.189051628112793
1564719320.289035558700562
1564719320.388619184494019
1564719320.489188194274902
1564719320.589047908782959
1564719320.688942670822144
1564719320.789122343063354
1564719320.889575242996216
1564719320.989356756210327
1564719321.188607931137085
1564719321.289442062377930
1564719321.389477729797363
1564719321.489635229110718
1564719321.589612960815430
1564719321.689438581466675
1564719321.789245605468750
1564719321.889106512069702
1564719322.090688705444336
1564719322.189311265945435
1564719322.289319276809692
1564719322.390979528427124
1564719322.490906953811646
1564719322.692653894424438
1564719322.892330408096313
1564719322.992757320404053
1564719323.094117403030396
1564719323.194941520690918
1564719323.295299768447876
1564719323.395388364791870
1564719323.495413780212402
1564719323.695410251617432
1564719323.895433902740479
1564719324.194791793823242
1564719324.395551204681396
1564719324.595660686492920
1564719324.795745849609375
1564719324.989152908325195
1564719325.188444137573242
1564719325.392696857452393
1564719325.592320680618286
1564719325.793754339218140
1564719326.093673706054688
1564719326.293715000152588
1564719326.495201826095581
1564719326.696774482727051
1564719326.888848304748535
1564719327.088940858840942
1564719327.290305137634277
1564719327.488860845565796
1564719327.688745737075806
1564719327.890654802322388
1564719328.090658903121948
1564719328.293746709823608
1564719328.493600845336914
1564719328.693616628646851
1564719328.893935203552246
1564719329.093552112579346
1564719329.295155048370361
1564719329.496560573577881
1564719329.696643829345703
1564719329.896478414535522
1564719330.188861370086670
1564719330.389195203781128
1564719330.588971853256226
1564719330.789286136627197
1564719330.993894577026367
1564719331.192804574966431
1564719331.495098590850830
1564719331.694511651992798
1564719331.890522718429565
1564719332.088979959487915
1564719332.388669490814209
1564719332.588708877563477
1564719332.788856267929077
1564719332.989063978195190
1564719333.190586090087891
1564719333.392127752304077
1564719333.591961383819580
1564719333.792163610458374
1564719333.993923425674438
1564719334.294055700302124
1564719334.493967056274414
1564719334.693659305572510
1564719334.893958568572998
1564719335.093913078308105
1564719335.293927192687988
1564719335.589360713958740
1564719335.789483308792114
1564719335.991218805313110
1564719336.190443754196167
1564719336.390786409378052
1564719336.593958377838135
1564719336.894250392913818
1564719336.993969440460205
1564719337.095518827438354
1564719337.195575714111328
1564719337.297197580337524
1564719337.398317575454712
1564719337.497024059295654
1564719337.596867322921753
1564719337.696561813354492
1564719337.797322750091553
1564719337.897371053695679
1564719337.997040748596191
1564719338.096981525421143
1564719338.190013408660889
1564719338.289453744888306
1564719338.389361619949341
1564719338.489408731460571
1564719338.589369535446167
1564719338.689317941665649
1564719338.789330482482910
1564719338.889535903930664
1564719338.989506721496582
1564719339.189440727233887
1564719339.289349079132080
1564719339.389373302459717
1564719339.492420911788940
1564719339.694027662277222
1564719339.794368505477905
1564719339.894111156463623
1564719339.995032787322998
1564719340.094312191009521
1564719340.194159507751465
1564719340.495348691940308
1564719340.595726490020752
1564719340.795913457870483
1564719340.895791530609131
1564719341.197002649307251
1564719341.396722793579102
1564719341.496111631393433
1564719341.596659660339355
1564719341.696693420410156
1564719341.796803236007690
1564719341.896845340728760
1564719341.988538026809692
1564719342.089432239532471
1564719342.189068317413330
1564719342.289078950881958
1564719342.388992071151733
1564719342.488888263702393
1564719342.588817834854126
1564719342.790084362030029
1564719342.888913631439209
1564719342.989336252212524
1564719343.089371681213379
1564719343.190762042999268
1564719343.289345026016235
1564719343.389359951019287
1564719343.488380193710327
1564719343.589358091354370
1564719343.690682411193848
1564719343.789378404617310
1564719343.889256000518799
1564719343.988606929779053
1564719344.089310884475708
1564719344.189569711685181
1564719344.389364004135132
1564719344.489322662353516
1564719344.589410066604614
1564719344.690860986709595
1564719344.790878295898438
1564719344.890885829925537
1564719344.990423917770386
1564719345.090658187866211
1564719345.196834325790405
1564719345.296589612960815
1564719345.396676778793335
1564719345.496756792068481
1564719345.596758127212524
1564719345.696671009063721
1564719345.798164129257202
1564719345.888753890991211
1564719345.988057374954224
1564719346.189672231674194
1564719346.289474964141846
1564719346.389470577239990
1564719346.489362955093384
1564719346.589282751083374
1564719346.690050125122070
1564719346.789124250411987
1564719346.889069795608521
1564719347.089016914367676
1564719347.289035558700562
1564719347.388999462127686
1564719347.489174604415894
1564719347.589043617248535
1564719347.689167022705078
1564719347.790733337402344
1564719347.890671730041504
1564719347.989931344985962
1564719348.090705871582031
1564719348.190844774246216
1564719348.290694952011108
1564719348.390460014343262
1564719348.590968608856201
1564719348.691039562225342
1564719348.791090965270996
1564719348.891028881072998
1564719348.990010261535645
1564719349.092471599578857
1564719349.192304611206055
1564719349.293816566467285
1564719349.393979072570801
1564719349.493368864059448
1564719349.595455884933472
1564719349.695552587509155
1564719349.795325756072998
1564719349.895468473434448
1564719349.996412754058838
1564719350.088979721069336
1564719350.188955545425415
1564719350.289041042327881
1564719350.389129877090454
1564719350.589254856109619
1564719350.689052343368530
1564719350.788956403732300
1564719350.889079570770264
1564719350.988683223724365
1564719351.189082622528076
1564719351.389159440994263
1564719351.488588571548462
1564719351.589489221572876
1564719351.689554929733276
1564719351.789561510086060
1564719351.989220619201660
1564719352.189166307449341
1564719352.289086818695068
1564719352.389199733734131
1564719352.488475561141968
1564719352.589306354522705
1564719352.690939664840698
1564719352.790881633758545
1564719352.890938282012939
1564719352.990559577941895
1564719353.092386245727539
1564719353.192370653152466
1564719353.292330741882324
1564719353.393869638442993
1564719353.493844747543335
1564719353.593780994415283
1564719353.695112705230713
1564719353.795233964920044
1564719353.895303726196289
1564719353.995494365692139
1564719354.095473289489746
1564719354.195378065109253
1564719354.296820640563965
1564719354.396756887435913
1564719354.496655702590942
1564719354.596735954284668
1564719354.696705341339111
1564719354.789253950119019
1564719354.889320611953735
1564719354.990676879882812
1564719355.190952777862549
1564719355.392271280288696
1564719355.593849897384644
1564719355.893861293792725
1564719356.094018459320068
1564719356.293796300888062
1564719356.493628263473511
1564719356.693550109863281
1564719356.895099639892578
1564719357.195230960845947
1564719357.395196676254272
1564719357.595235347747803
1564719357.796497344970703
1564719357.995841026306152
1564719358.188744783401489
1564719358.388776779174805
1564719358.588806629180908
1564719358.788576841354370
1564719358.988452672958374
1564719359.188659667968750
1564719359.388731479644775
1564719359.588746070861816
1564719359.788835525512695
1564719359.989054203033447
1564719360.288139104843140
1564719360.590111017227173
1564719360.788094997406006
1564719360.990301847457886
1564719361.191890478134155
1564719361.494184017181396
1564719361.795293331146240
1564719361.995478630065918
1564719362.195299386978149
1564719362.395517349243164
1564719362.596847534179688
1564719362.788987636566162
1564719362.988983392715454
1564719363.189074516296387
1564719363.389367103576660
1564719363.589365959167480
1564719363.789514064788818
1564719363.989488363265991
1564719364.192438840866089
1564719364.392186164855957
1564719364.592036008834839
1564719364.792177915573120
1564719364.992354154586792
1564719365.192028045654297
1564719365.392166137695312
1564719365.592348814010620
1564719365.893730163574219
1564719366.093549966812134
1564719366.293194770812988
1564719366.595284461975098
1564719366.794939994812012
1564719366.995466470718384
1564719367.195273399353027
1564719367.395320177078247
1564719367.495183944702148
1564719367.595131635665894
1564719367.695054769515991
1564719367.794492006301880
1564719367.895234584808350
1564719367.995765924453735
1564719368.095592975616455
1564719368.196722745895386
1564719368.496623039245605
1564719368.596833229064941
1564719368.688930273056030
1564719368.788247346878052
1564719368.888937234878540
1564719368.989267826080322
1564719369.189556121826172
1564719369.389243841171265
1564719369.590423345565796
1564719369.789928436279297
1564719369.992022991180420
1564719370.293351650238037
1564719370.493590354919434
1564719370.693330287933350
1564719370.893517494201660
1564719371.093844890594482
1564719371.293859004974365
1564719371.493901252746582
1564719371.695206642150879
1564719371.895122528076172
1564719372.188800096511841
1564719372.288840293884277
1564719372.388848304748535
1564719372.488885641098022
1564719372.588783979415894
1564719372.688764095306396
1564719372.788143157958984
1564719372.888694286346436
1564719372.988693475723267
1564719373.088650465011597
1564719373.188771247863770
1564719373.288553953170776
1564719373.388886213302612
1564719373.489041566848755
1564719373.589010715484619
1564719373.689494371414185
1564719373.788566827774048
1564719373.989159107208252
1564719374.089066028594971
1564719374.389141321182251
1564719374.589234352111816
1564719374.689510822296143
1564719374.788865089416504
1564719374.890645980834961
1564719374.990635156631470
1564719375.190943956375122
1564719375.390792369842529
1564719375.490646839141846
1564719375.590606451034546
1564719375.690514802932739
1564719375.790486335754395
1564719375.990502834320068
1564719376.190727472305298
1564719376.390655994415283
1564719376.592189073562622
1564719376.793172836303711
1564719376.996507644653320
1564719377.196556568145752
1564719377.396577835083008
1564719377.596693754196167
1564719377.788880348205566
1564719377.988816738128662
1564719378.188691139221191
1564719378.388709545135498
1564719378.588173866271973
1564719378.788945913314819
1564719378.989060878753662
1564719379.190495967864990
1564719379.390696763992310
1564719379.590453863143921
1564719379.790729284286499
1564719379.990720987319946
1564719380.190597295761108
1564719380.390474796295166
1564719380.591892004013062
1564719380.792101860046387
1564719381.091851949691772
1564719381.291686773300171
1564719381.494882822036743
1564719381.695101499557495
1564719381.895051717758179
1564719382.094106435775757
1564719382.294800281524658
1564719382.494888305664062
1564719382.694925546646118
1564719382.896303892135620
1564719383.095771551132202
1564719383.296463727951050
1564719383.496458053588867
1564719383.696385383605957
1564719383.896395206451416
1564719384.196484088897705
1564719384.496264457702637
1564719384.696574926376343
1564719384.896515607833862
1564719385.096233367919922
1564719385.391969680786133
1564719385.591971397399902
1564719385.791790246963501
1564719385.991964101791382
1564719386.191895484924316
1564719386.391993761062622
1564719386.591170072555542
1564719386.791779994964600
1564719386.991775751113892
1564719387.191862106323242
1564719387.396549463272095
1564719387.598182439804077
1564719387.792195081710815
1564719387.993450403213501
1564719388.193588256835938
1564719388.393735647201538
1564719388.596099138259888
1564719388.797214746475220
1564719388.996711730957031
1564719389.196537494659424
1564719389.388820886611938
1564719389.588872432708740
1564719389.788875579833984
1564719389.989027738571167
1564719390.088337182998657
1564719390.188922166824341
1564719390.388846874237061
1564719390.589193820953369
1564719390.690515041351318
1564719390.792162895202637
1564719390.892036199569702
1564719390.991964340209961
1564719391.091189622879028
1564719391.191990613937378
1564719391.291862010955811
1564719391.392110586166382
1564719391.493434906005859
1564719391.695167064666748
1564719391.895102262496948
1564719391.995050191879272
1564719392.095878124237061
1564719392.196513652801514
1564719392.296781778335571
1564719392.396584033966064
1564719392.488747119903564
1564719392.588313579559326
1564719392.688961029052734
1564719392.788909196853638
1564719392.888916492462158
1564719392.988832712173462
1564719393.088145256042480
1564719393.188650131225586
1564719393.288722753524780
1564719393.789307594299316
1564719393.990851402282715
1564719394.190445899963379
1564719394.390236377716064
1564719394.589755296707153
1564719394.790539026260376
1564719395.093005418777466
1564719395.393777370452881
1564719395.593683242797852
1564719395.793690919876099
1564719396.093698501586914
1564719396.293667793273926
1564719396.493663787841797
1564719396.693524837493896
1564719396.894947528839111
1564719397.095047950744629
1564719397.295182704925537
1564719397.495199203491211
1564719397.696545362472534
1564719397.888149499893188
1564719398.088507652282715
1564719398.291802644729614
1564719398.491871595382690
1564719398.692002058029175
1564719398.891959667205811
1564719399.093586683273315
1564719399.293576955795288
1564719399.493535518646240
1564719399.693331003189087
1564719399.894838571548462
1564719400.188422918319702
1564719400.388710975646973
1564719400.589139223098755
1564719400.791916370391846
1564719400.991744518280029
1564719401.193146944046021
1564719401.394807100296021
1564719401.696247577667236
1564719401.888417959213257
1564719402.094766378402710
1564719402.295990467071533
1564719402.588453292846680
1564719402.788429021835327
1564719402.988800764083862
1564719403.188713788986206
1564719403.388586044311523
1564719403.588899612426758
1564719403.788906097412109
1564719403.988792896270752
1564719404.190279245376587
1564719404.389419078826904
1564719404.591802358627319
1564719404.791845560073853
1564719404.991849422454834
1564719405.193247318267822
1564719405.392561435699463
1564719405.593416690826416
1564719405.794767379760742
1564719405.996250391006470
1564719406.188336610794067
1564719406.388352870941162
1564719406.588317394256592
1564719406.790060997009277
1564719406.991612195968628
1564719407.191748857498169
1564719407.392918348312378
1564719407.593556165695190
1564719407.896464109420776
1564719408.088591337203979
1564719408.288665533065796
1564719408.488731622695923
1564719408.688461303710938
1564719408.887714862823486
1564719409.088473320007324
1564719409.288565158843994
1564719409.488865137100220
1564719409.688968420028687
1564719409.888381481170654
1564719410.088887453079224
1564719410.290366172790527
1564719410.591792106628418
1564719410.791844367980957
1564719411.091869592666626
1564719411.291856050491333
1564719411.493371248245239
1564719411.694976091384888
1564719411.895901679992676
1564719412.088236808776855
1564719412.288844347000122
1564719412.490122318267822
1564719412.690362453460693
1564719412.891767978668213
1564719413.092249631881714
1564719413.291431665420532
1564719413.492852687835693
1564719413.693099260330200
1564719413.893072843551636
1564719414.093166351318359
1564719414.292970418930054
1564719414.493052005767822
1564719414.693411588668823
1564719414.892987966537476
1564719415.093407392501831
1564719415.496079683303833
