1567410202.5484481
1567410208.4532168
1567410209.2450984
1567410209.8448029
1567410210.3442802
1567410210.8452194
1567410211.2457383
1567410211.7482178
1567410212.1484787
1567410212.5502558
1567410212.949784
1567410213.2498362
1567410213.5515182
1567410213.8512917
1567410214.2529972
1567410214.5533719
1567410214.8520188
1567410215.14517
1567410215.4450076
1567410215.8444886
1567410216.1448801
1567410216.4448299
1567410216.7450314
1567410217.0450699
1567410217.3465433
1567410217.6467907
1567410217.9467933
1567410218.246779
1567410218.546865
1567410218.8456533
1567410219.1467423
1567410219.4482846
1567410219.7527826
1567410220.0528071
1567410220.3525007
1567410220.6524866
1567410220.9523079
1567410221.2528963
1567410221.5529575
1567410221.8527119
1567410222.1523132
1567410222.4447186
1567410222.7448974
1567410223.0448372
1567410223.3450713
1567410223.6447496
1567410223.9451973
1567410224.2455447
1567410224.5450795
1567410224.844471
1567410225.1449475
1567410225.4464893
1567410225.746489
1567410226.0515001
1567410226.3527732
1567410226.6523218
1567410226.952652
1567410227.2449179
1567410227.5447865
1567410227.84425
1567410228.144825
1567410228.4449654
1567410228.7447636
1567410229.0444915
1567410229.3464146
1567410230.1524129
1567410230.4526317
1567410230.7525322
1567410231.052994
1567410231.3446667
1567410231.6441133
1567410231.9442661
1567410232.244323
1567410232.5449436
1567410232.8441877
1567410233.1441433
1567410233.4448144
1567410233.7451937
1567410234.046411
1567410234.345983
1567410234.646281
1567410234.9464877
1567410235.2463455
1567410235.5506995
1567410235.8509562
1567410236.1509445
1567410236.4448006
1567410236.744627
1567410237.0451424
1567410237.3444688
1567410237.6446817
1567410237.9448888
1567410238.244766
1567410238.5456662
1567410238.8478332
1567410239.149344
1567410239.450829
1567410239.7523229
1567410240.0523999
1567410240.3444955
1567410240.6443019
1567410240.945668
1567410241.2443521
1567410241.5443535
1567410241.8479199
1567410242.1477079
1567410242.4477265
1567410242.7476928
1567410243.0472648
1567410243.3478618
1567410243.6491528
1567410243.9522982
1567410244.2444375
1567410244.5435188
1567410244.8443139
1567410245.1444557
1567410245.4460979
1567410245.7467446
1567410246.0456824
1567410246.3474402
1567410246.6491477
1567410246.9489157
1567410247.2491019
1567410247.5487623
1567410247.8489127
1567410248.1516931
1567410248.452131
1567410248.7520955
1567410249.0519881
1567410249.3441851
1567410249.6441216
1567410249.9440324
1567410250.2441108
1567410250.5438676
1567410250.844449
1567410251.1441867
1567410251.4442132
1567410251.7442834
1567410252.0437515
1567410252.3447344
1567410252.6446118
1567410252.9505448
1567410253.2506182
1567410253.5505378
1567410253.8506782
1567410254.1510108
1567410254.451025
1567410254.7524383
1567410255.0525815
1567410255.3523431
1567410255.6519485
1567410255.944541
1567410256.2441978
1567410256.5462511
1567410256.8509238
1567410257.1526184
1567410257.4526463
1567410257.7437105
1567410258.1442821
1567410258.5493011
1567410258.8495545
1567410259.1494846
1567410259.4486289
1567410259.7495325
1567410260.0492091
1567410260.34887
1567410260.6493018
1567410260.9494381
1567410261.2523766
1567410261.5439901
1567410261.9442301
1567410262.2452083
1567410262.5477474
1567410262.8475163
1567410263.1508746
1567410263.4478259
1567410263.7471528
1567410264.0491617
1567410264.3509793
1567410264.6529202
1567410264.9523773
1567410265.2445018
1567410265.5446842
1567410265.844631
1567410266.1447792
1567410266.4462101
1567410266.743902
1567410267.0448859
1567410267.3450599
1567410268.3462625
1567410268.6524904
1567410268.946847
1567410269.2444527
1567410269.5446091
1567410269.844723
1567410270.1448507
1567410270.4449768
1567410270.7448988
1567410271.0463135
1567410271.3478189
1567410271.6494317
1567410271.9492548
1567410272.2519262
1567410272.5519898
1567410272.8523567
1567410273.1524529
1567410273.4455507
1567410273.744545
1567410274.0442798
1567410274.3441708
1567410274.6446385
1567410275.5461895
1567410275.8475342
1567410276.1460729
1567410276.7475312
1567410277.0440466
1567410277.3437452
1567410277.6441312
1567410277.9446671
1567410278.2437701
1567410278.5445333
1567410278.944447
1567410279.2436292
1567410279.7438252
1567410280.0443771
1567410280.4441521
1567410281.3519397
1567410281.7438424
1567410282.1443129
1567410282.6474092
1567410283.148931
1567410283.6505957
1567410284.0517864
1567410284.4518321
1567410284.7516639
1567410285.0438643
1567410285.3437197
1567410285.743808
1567410286.1437573
1567410286.6437719
1567410287.044143
1567410287.4457245
1567410287.8457942
1567410288.2470636
1567410288.6477664
1567410289.0472965
1567410289.4519138
1567410289.8519208
1567410290.1520338
1567410290.4510291
1567410290.7515881
1567410291.0515814
1567410291.3440194
1567410291.6443627
1567410291.9433451
1567410292.244019
1567410292.54386
1567410292.8443058
1567410293.1442175
1567410293.4500093
1567410293.7500308
1567410294.0438249
1567410294.3436685
1567410294.6453245
1567410294.9436159
1567410295.2437708
1567410295.5436592
1567410295.8440142
1567410296.2441342
1567410296.6443572
1567410297.0441227
1567410297.4440229
1567410297.8443787
1567410298.2472246
1567410298.6469665
1567410299.0473003
1567410299.4473715
1567410299.8485992
1567410300.1512415
1567410300.544266
1567410300.9469402
1567410301.3476253
1567410301.7490382
1567410302.1515248
1567410302.5517364
1567410302.9437907
1567410303.3435972
1567410303.7451563
1567410304.1431615
1567410304.5435588
1567410304.9436717
1567410305.3437104
1567410305.7434771
1567410306.1434867
1567410306.5434375
1567410306.9441097
1567410307.3455243
1567410307.7468138
1567410308.1461658
1567410308.54814
1567410308.9483132
1567410309.3498287
1567410309.7499378
1567410310.1512196
1567410310.5429881
1567410310.9431992
1567410311.3434439
1567410311.7454617
1567410312.146764
1567410312.5464585
1567410312.946908
1567410313.3470995
1567410313.7465718
1567410314.1484623
1567410314.5480759
1567410314.8486826
1567410315.2496192
1567410315.5512307
1567410315.8440332
1567410316.2431216
1567410316.5435512
1567410316.8437085
1567410317.1435485
1567410317.4435773
1567410317.7496874
1567410318.0510011
1567410318.3514006
1567410318.6512709
1567410318.9511995
1567410319.2433083
1567410319.5436563
1567410319.8435354
1567410320.1427035
1567410320.4433608
1567410320.7437994
1567410321.0438514
1567410321.3436003
1567410321.6442082
1567410321.9440315
1567410322.2439864
1567410322.5438151
1567410322.843554
1567410323.1439211
1567410323.4465578
1567410323.7465
1567410324.0482385
1567410324.3479741
1567410324.6483204
1567410324.9484015
1567410325.2485414
1567410325.5482888
1567410325.8475139
1567410326.1478438
1567410326.4512084
1567410326.7532022
1567410327.0435653
1567410327.3428741
1567410327.6435056
1567410327.9433649
1567410328.2436335
1567410328.5451283
1567410328.844877
1567410329.1451662
1567410329.4456213
1567410329.7453401
1567410330.0466433
1567410330.3460553
1567410330.6465862
1567410330.9494815
1567410331.3428354
1567410331.7430665
1567410332.1449223
1567410332.5433753
1567410332.9431918
1567410333.342931
1567410333.7433095
1567410334.1432567
1567410334.5452282
1567410334.9450514
1567410335.3451805
1567410335.6465836
1567410336.0482659
1567410336.3435442
1567410336.6452565
1567410336.9468424
1567410337.2482495
1567410337.5481331
1567410337.8481321
1567410338.1510577
1567410338.4511523
1567410338.7512968
1567410339.0511887
1567410339.3431118
1567410339.6428211
1567410339.9431202
1567410340.2430537
1567410340.5427685
1567410340.8431482
1567410341.1435177
1567410341.4432304
1567410341.7435575
1567410342.0424471
1567410342.3435667
1567410342.6435385
1567410342.9436209
1567410343.2438169
1567410343.5432465
1567410343.8452659
1567410344.1478848
1567410344.4494424
1567410344.7496626
1567410345.049221
1567410345.3509817
1567410345.6508574
1567410346.0432255
1567410346.443089
1567410346.7437046
1567410347.0497034
1567410347.3494785
1567410347.6494744
1567410347.949297
1567410348.2496614
1567410348.6510127
1567410348.9510686
1567410349.251199
1567410349.5430131
1567410349.8431489
1567410350.1426692
1567410350.4432328
1567410350.7448804
1567410351.0465906
1567410351.3464751
1567410351.6462402
1567410351.9459801
1567410352.2475307
1567410352.5436146
1567410352.8433359
1567410353.1428347
1567410353.447753
1567410353.7505696
1567410354.0499828
1567410354.3509147
1567410354.6508741
1567410354.943326
1567410355.2463391
1567410355.5511613
1567410355.8508589
1567410356.1508152
1567410356.4432774
1567410356.74299
1567410357.0432134
1567410357.3432479
1567410357.6429946
1567410357.9429471
1567410358.3432362
1567410358.7429798
1567410359.1431284
1567410359.5433295
1567410359.9430649
1567410360.4434311
1567410360.8434136
1567410361.3432715
1567410361.8447673
1567410362.2436752
1567410362.6466334
1567410363.0459893
1567410363.4477603
1567410363.8493412
1567410364.2489784
1567410364.6508429
1567410365.0430171
1567410365.443469
1567410365.843492
1567410366.1431401
1567410366.4450955
1567410366.7448971
1567410367.0478437
1567410367.3474305
1567410367.6494515
1567410367.9510167
1567410368.2420866
1567410368.5431385
1567410368.8430965
1567410369.1430626
1567410369.4437377
1567410369.7434633
1567410370.0434344
1567410370.3431792
1567410370.6434302
1567410370.9430072
1567410371.2425046
1567410371.5434468
1567410371.8437555
1567410372.1436739
1567410372.443507
1567410372.7435076
1567410373.0449915
1567410373.3461657
1567410373.6447001
1567410373.9464095
1567410374.2481246
1567410374.5481551
1567410374.8476808
1567410375.1491919
1567410375.4491842
1567410375.7491939
1567410376.0430508
1567410376.3430753
1567410376.6428902
1567410376.9430068
1567410377.2495687
1567410377.5490832
1567410377.9480951
1567410378.2483006
1567410378.6493142
1567410379.0426078
1567410379.4426045
1567410379.8433766
1567410380.2429264
1567410380.6431952
1567410381.0449202
1567410381.4453096
1567410381.8459287
1567410382.3474407
1567410382.8491113
1567410383.3489981
1567410383.849066
1567410384.3504858
1567410384.8427606
1567410385.342629
1567410385.8430388
1567410386.3458128
1567410386.8476131
1567410387.348943
1567410387.844538
1567410388.3429997
1567410388.8447347
1567410389.2446029
1567410389.6497159
1567410390.0493183
1567410390.4507537
1567410390.8427756
1567410391.2429261
1567410391.6438065
1567410392.0433173
1567410392.4430883
1567410392.843169
1567410393.2430863
1567410393.5429988
1567410393.8427896
1567410394.1429362
1567410394.4431067
1567410394.7431965
1567410395.0431459
1567410395.3429923
1567410395.6426117
1567410395.9432261
1567410396.2447484
1567410396.5442812
1567410396.8488963
1567410397.1489294
1567410397.4489849
1567410397.7488627
1567410398.0490763
1567410398.3503892
1567410398.6503339
1567410398.9427414
1567410399.2427347
1567410399.5424693
1567410399.8426139
1567410400.1424184
1567410400.4427586
1567410400.7425592
1567410401.0429752
1567410401.3442454
1567410401.6432216
1567410401.9448018
1567410402.2445934
1567410402.5461943
1567410402.8494492
1567410403.142303
1567410403.4426088
1567410403.7426832
1567410404.0429897
1567410404.3429437
1567410404.6425638
1567410404.9427853
1567410405.2448754
1567410405.544553
1567410405.8457093
1567410406.1463079
1567410406.4475729
1567410406.7490492
1567410407.0504096
1567410407.3426263
1567410407.6418791
1567410407.942697
1567410408.2446136
1567410408.6426449
1567410409.0428436
1567410409.4427619
1567410409.8428385
1567410410.2443337
1567410410.6486535
1567410411.0492289
1567410411.4502895
1567410411.8428609
1567410412.2427988
1567410412.6443903
1567410413.0424676
1567410413.4422176
1567410413.8431571
1567410414.24544
1567410414.6450689
1567410415.0462561
1567410415.4473939
1567410415.8468859
1567410416.2474332
1567410416.6469417
1567410417.0469155
1567410417.4475658
1567410417.8466029
1567410418.1469443
1567410418.5468266
1567410418.8471148
1567410419.1474781
1567410419.4470472
1567410419.749697
1567410420.0420115
1567410420.341994
1567410420.6420379
1567410420.9420705
1567410421.2423794
1567410421.5421238
1567410421.8421185
1567410422.1422431
1567410422.4423478
1567410422.7421677
1567410423.0435438
1567410423.3442993
1567410423.6440535
1567410423.9441223
1567410424.2440193
1567410424.545398
1567410424.8481297
1567410425.1489463
1567410425.4501247
1567410425.7503495
1567410426.0501931
1567410426.3421173
1567410426.6423576
1567410426.9427466
1567410427.2426033
1567410427.5423799
1567410427.8418865
1567410428.1427367
1567410428.44717
1567410428.7474284
1567410429.0473361
1567410429.3474529
1567410429.6472082
1567410429.946939
1567410430.2470675
1567410430.5474076
1567410430.8468795
1567410431.1470244
1567410431.4472041
1567410431.7469745
1567410432.0473037
1567410432.3472581
1567410432.6470337
1567410432.9489236
1567410433.2487075
1567410433.5481932
1567410433.8483036
1567410434.1503191
1567410434.4426036
1567410434.7422802
1567410435.0438654
1567410435.3439863
1567410435.6438954
1567410435.9437356
1567410436.243962
1567410436.5457473
1567410436.8469958
1567410437.1485658
1567410437.4486539
1567410437.748421
1567410438.049264
1567410438.3420024
1567410438.6426194
1567410438.9424839
1567410439.2425392
1567410439.5425014
1567410439.8423839
1567410440.1425936
1567410440.4426317
1567410440.742398
1567410441.0471308
1567410441.3487089
1567410441.6484377
1567410441.948662
1567410442.2503059
1567410442.5474365
1567410442.848186
1567410443.1485868
1567410443.4484787
1567410443.748266
1567410444.1420784
1567410444.4426386
1567410444.7425156
1567410445.0417354
1567410445.3421981
1567410445.6423538
1567410445.9422688
1567410446.2426901
1567410446.5416417
1567410446.8421173
1567410447.1444039
1567410447.4454906
1567410447.7478421
1567410448.046324
1567410448.3469322
1567410448.6470962
1567410448.9467578
1567410449.2468045
1567410449.5491562
1567410449.8488164
1567410450.1489422
1567410450.448947
1567410450.7501898
1567410451.0423658
1567410451.3424621
1567410451.6426823
1567410451.9428263
1567410452.244128
1567410452.5460484
1567410452.8456774
1567410453.2482848
1567410453.642648
1567410454.0428913
1567410454.3442571
1567410454.6439357
1567410454.9440653
1567410455.2433109
1567410455.5455325
1567410455.8484542
1567410456.1482871
1567410456.4492948
1567410456.7497761
1567410457.0427251
1567410457.342536
1567410457.6422045
1567410457.9429092
1567410458.2440624
1567410458.5440311
1567410458.8444571
1567410459.145695
1567410459.4468486
1567410459.8485472
1567410460.2423234
1567410460.6421819
1567410461.0425935
1567410461.4437191
1567410461.8443685
1567410462.2448957
1567410462.6454511
1567410463.0467107
1567410463.4489477
1567410463.8483307
1567410464.2473216
1567410464.5488997
1567410464.9483321
1567410465.3486233
1567410465.7485993
1567410466.1484754
1567410466.5487568
1567410466.9481931
1567410467.3483076
1567410467.7484541
1567410468.1484621
1567410468.5486
1567410468.9478052
1567410469.3485606
1567410469.7498996
1567410470.1419191
1567410470.5422468
1567410470.9415362
1567410471.3421545
1567410471.7422175
1567410472.141994
1567410472.5424283
1567410472.9436266
1567410473.3440626
1567410473.746527
1567410474.1472573
1567410474.446929
1567410474.7468314
1567410475.0469575
1567410475.3467052
1567410475.7481756
1567410476.1499023
1567410476.5498626
1567410476.9414473
1567410477.4419808
1567410477.945034
1567410478.5469198
1567410479.1450069
1567410479.7421315
1567410480.3423171
1567410481.1427867
1567410482.142628
1567410482.8420815
1567410483.3433607
1567410483.8453486
1567410484.3480747
1567410484.7416525
1567410485.1419988
1567410485.6419837
1567410486.142338
1567410486.6425474
1567410487.0422318
1567410487.4417636
1567410487.8428364
1567410488.2452114
1567410488.6461356
1567410489.0482619
1567410489.4416213
1567410491.443753
1567410491.7451518
1567410492.0466993
1567410492.3482609
1567410492.6482615
1567410492.9496725
1567410493.2498481
1567410493.5492892
1567410493.8498144
1567410494.1413074
1567410494.4421923
1567410494.7416565
1567410495.0415316
1567410495.3420458
1567410495.6420124
1567410495.9420211
1567410496.2425537
1567410496.5437121
1567410496.8434563
1567410497.1431036
1567410497.4448469
1567410497.7448826
1567410498.0463238
1567410498.3485751
1567410498.649415
1567410498.9413381
1567410499.2416167
1567410499.5417321
1567410499.8419127
1567410500.1416073
1567410500.4417019
1567410500.7414837
1567410501.0416865
1567410501.3416934
1567410501.6409085
1567410501.9415698
1567410502.2415979
1567410502.5416622
1567410502.7420037
1567410502.9419577
1567410503.1417749
1567410503.3417766
1567410503.5416064
1567410503.7415717
1567410503.9417629
1567410504.1417346
1567410504.3415473
1567410504.541867
1567410504.7416518
1567410504.9421318
1567410505.1435421
1567410505.348053
1567410505.5476232
1567410505.7477422
1567410505.9477565
1567410506.1478713
1567410506.3495035
1567410506.5493453
1567410506.749285
1567410506.949517
1567410507.1415808
1567410507.3413658
1567410507.541286
1567410507.7411304
1567410507.9417331
1567410508.1432333
1567410508.342905
1567410508.5449209
1567410508.7449069
1567410508.9449563
1567410509.1446903
1567410509.3467479
1567410509.5474803
1567410509.7478449
1567410509.9479451
1567410510.1479223
1567410510.3486264
1567410510.5491645
1567410510.749464
1567410511.0416746
1567410511.3411667
1567410511.641078
1567410511.9416702
1567410512.2419512
1567410512.5418582
1567410512.842803
1567410513.1435885
1567410513.444726
1567410513.7448878
1567410514.0469263
1567410514.3410215
1567410514.6418321
1567410514.9414756
1567410515.2433918
1567410515.6446917
1567410516.0447881
1567410516.4466703
1567410516.8470626
1567410517.2480295
1567410517.6477876
1567410518.0481601
1567410518.4477394
1567410518.8479977
1567410519.2480063
1567410519.6417682
1567410520.0415068
1567410520.4414473
1567410520.8417101
1567410521.2420621
1567410521.6417723
1567410522.0418599
1567410522.4449761
1567410522.8463733
1567410523.2479
1567410523.6482105
1567410524.0477161
1567410524.4477766
1567410524.8478274
1567410525.2417078
1567410525.641422
1567410526.0415502
1567410526.4419267
1567410526.743602
1567410527.0474403
1567410527.3493731
1567410527.6412177
1567410527.9414618
1567410528.2420275
1567410528.6447597
1567410529.0458477
1567410529.3461895
1567410529.7463164
1567410530.0494461
1567410530.3417246
1567410530.6413314
1567410530.9417284
1567410531.2421396
1567410531.5411751
1567410531.8416893
1567410532.1430209
1567410532.4429367
1567410532.7433052
1567410533.0443485
1567410533.3448305
1567410533.6460783
1567410533.947356
1567410534.247998
1567410534.5471497
1567410534.848074
1567410535.1410861
1567410535.441251
1567410535.7431188
1567410536.0444994
1567410536.3449528
1567410536.6450315
1567410536.9444036
1567410537.2445533
1567410537.5463693
1567410537.846251
1567410538.1460478
1567410538.4458826
1567410538.7462502
1567410539.0461719
1567410539.3461044
1567410539.6463737
1567410539.946254
1567410540.2460117
1567410540.5461202
1567410540.8465762
1567410541.1462083
1567410541.4459255
1567410541.7457263
1567410542.0493097
1567410542.3412471
1567410542.6409824
1567410542.9416053
1567410543.2411981
1567410543.5413582
1567410543.8414376
1567410544.141449
1567410544.5466182
1567410544.9460695
1567410545.3477516
1567410545.748956
1567410546.1414242
1567410546.6412737
1567410547.2429955
1567410547.9486413
1567410548.6491582
1567410549.3426223
1567410549.9412112
1567410550.4413543
1567410550.9413464
1567410551.441612
1567410551.8488448
1567410552.2403548
1567410552.6411953
1567410553.0414233
1567410553.4415154
1567410553.7410963
1567410554.0414009
1567410554.3434391
1567410554.6430426
1567410554.943172
1567410555.2429361
1567410555.5428717
1567410555.8442631
1567410556.1442997
1567410556.4460685
1567410556.7465649
1567410557.0411172
1567410557.3426278
1567410557.6428478
1567410557.9441884
1567410558.2435844
1567410558.5460749
1567410558.847266
1567410559.1469281
1567410559.447355
1567410559.7431738
1567410560.0446374
1567410560.3455946
1567410560.6408947
1567410560.941009
1567410561.2413728
1567410561.540926
1567410561.840977
1567410562.1410999
1567410562.4404852
1567410562.7422919
1567410563.0428743
1567410563.3430481
1567410563.644542
1567410563.943382
1567410564.2472827
1567410564.5409157
1567410564.8407822
1567410565.1411788
1567410565.441956
1567410565.7441964
1567410566.0441885
1567410566.3440108
1567410566.6442811
1567410566.9464853
1567410567.2474828
1567410567.5473959
1567410567.8484967
1567410568.1408713
1567410568.4404578
1567410568.7411518
1567410569.0408247
1567410569.3410974
1567410569.6408944
1567410569.9410107
1567410570.2407279
1567410570.5414841
1567410570.8413386
1567410571.141278
1567410571.4420884
1567410571.7426398
1567410572.0429142
1567410572.3428109
1567410572.644671
1567410572.945076
1567410573.2452743
1567410573.5472596
1567410573.8474071
1567410574.1485813
1567410574.4481459
1567410574.7408621
1567410575.0408638
1567410575.3424387
1567410575.6439052
1567410575.9433687
1567410576.2453358
1567410576.5467231
1567410576.8484366
1567410577.1410372
1567410577.4407122
1567410577.7405505
1567410578.0401707
1567410578.3402629
1567410578.6408663
1567410578.9404604
1567410579.2422628
1567410579.5421934
1567410579.8422611
1567410580.1421773
1567410580.4423227
1567410580.7422218
1567410581.042192
1567410581.3421521
1567410581.6420908
1567410581.9424267
1567410582.2422135
1567410582.5421925
1567410582.8419628
1567410583.141413
1567410583.4425771
1567410583.7424266
1567410584.0423975
1567410584.3424385
1567410584.6416702
1567410584.9437964
1567410585.2436891
1567410585.5435057
1567410585.8468943
1567410586.1471474
1567410586.4469783
1567410586.7481668
1567410587.040323
1567410587.34022
1567410587.6397357
1567410587.940393
1567410588.2405477
1567410588.5404599
1567410588.8408632
1567410589.1397681
1567410589.4403017
1567410589.7400787
1567410590.0404162
1567410590.3438363
1567410590.6399467
1567410590.9409122
1567410591.2403843
1567410591.5404799
1567410591.841224
1567410592.1415493
1567410592.4435937
1567410592.7452645
1567410593.0469639
1567410593.3403318
1567410593.640125
1567410593.9422081
1567410594.2435157
1567410594.5439463
1567410594.8442173
1567410595.1435978
1567410595.4436996
1567410595.7450185
1567410596.0481894
1567410596.3480432
1567410596.6401856
1567410596.9400401
1567410597.2402852
1567410597.5401845
1567410597.8401484
1567410598.1400549
1567410598.4409359
1567410598.7422709
1567410599.0433915
1567410599.3451297
1567410599.6484327
1567410599.9404187
1567410600.2402287
1567410600.540652
1567410600.8398089
1567410601.139992
1567410601.4403365
1567410601.7402012
1567410602.0402634
1567410602.3415985
1567410602.6407135
1567410602.9406519
1567410603.2402582
1567410603.5406272
1567410603.8416662
1567410604.143558
1567410604.4453039
1567410604.7483218
1567410605.040076
1567410605.3396535
1567410605.6403918
1567410605.9406755
1567410606.2406929
1567410606.540946
1567410606.8408535
1567410607.1407881
1567410607.4403565
1567410607.7421346
1567410608.0424142
1567410608.3422737
1567410608.6420453
1567410608.9421442
1567410609.2434123
1567410609.5436933
1567410609.843076
1567410610.144078
1567410610.4436293
1567410610.7437253
1567410611.0435019
1567410611.3435848
1567410611.6438849
1567410611.9436257
1567410612.2438436
1567410612.545011
1567410612.8434274
1567410613.1452222
1567410613.4452379
1567410613.7483687
1567410614.0483708
1567410614.3406608
1567410614.647059
1567410614.9483078
1567410615.2483153
1567410615.5478406
1567410615.8403769
1567410616.1406815
1567410616.4405816
1567410616.7407024
1567410617.0466881
1567410617.3464615
1567410617.6468196
1567410617.9470625
1567410618.2403979
1567410618.5404811
1567410618.9406905
1567410619.2422268
1567410619.5415223
1567410619.9450743
1567410620.3452048
1567410620.7453251
1567410621.1465006
1567410621.5462897
1567410621.9470019
1567410622.3467984
1567410622.8466947
1567410623.3483891
1567410623.748168
1567410624.1483991
1567410624.4483774
1567410624.7487791
1567410625.0478809
1567410625.448045
1567410625.8480597
1567410626.2482526
1567410626.6482623
1567410627.0475714
1567410627.4484673
1567410627.8481984
1567410628.2482314
1567410628.6403396
1567410628.9401395
1567410629.2402039
1567410629.5402155
1567410629.840075
1567410630.1399932
1567410630.44017
1567410630.7404456
1567410631.0417025
1567410631.3419294
1567410631.6450465
1567410631.9449744
1567410632.246505
1567410632.5461144
1567410632.8482356
1567410633.1482484
1567410633.4479587
1567410633.7400696
1567410634.0399528
1567410634.3402641
1567410634.6402388
1567410634.9402285
1567410635.2408051
1567410635.5401926
1567410635.9405968
1567410636.3433831
1567410636.6432314
1567410637.0434742
1567410637.343282
1567410637.6435044
1567410637.9432325
1567410638.2428768
1567410638.5451307
1567410638.8449471
1567410639.1477704
1567410639.4480102
1567410639.7400424
1567410640.039788
1567410640.3433566
1567410640.6450179
1567410640.9453228
1567410641.3463047
1567410641.6462049
1567410641.9483509
1567410642.2470536
1567410642.5401578
1567410642.839906
1567410643.1399024
1567410643.4397724
1567410643.8399043
1567410644.1400573
1567410644.5396423
1567410644.941704
1567410645.3433144
1567410645.7436764
1567410646.1432207
1567410646.5461862
1567410646.9397111
1567410647.3403449
1567410647.7398036
1567410648.1401825
1567410648.5404346
1567410648.9437227
1567410649.3463399
1567410649.6401052
1567410649.9398158
1567410650.2399971
1567410650.5403392
1567410650.8404677
1567410651.1400371
1567410651.4403412
1567410651.7402477
1567410652.0465846
1567410652.3467052
1567410652.7463188
1567410653.0461125
1567410653.3464336
1567410653.6479452
1567410653.9473498
1567410654.2484102
1567410654.5480561
1567410654.9400103
1567410655.2406816
1567410655.5398746
1567410655.8400476
1567410656.14043
1567410656.4418092
1567410656.7420113
1567410657.0421209
1567410657.3419805
1567410657.6434031
1567410657.9448688
1567410658.2402339
1567410658.5402803
1567410658.8398876
1567410659.140388
1567410659.4391615
1567410659.741935
1567410660.0419729
1567410660.3433187
1567410660.6448622
1567410660.9441583
1567410661.2448893
1567410661.5466614
1567410661.8480623
1567410662.1404228
1567410662.3402283
1567410662.5402308
1567410662.7402871
1567410662.9399002
1567410663.2406609
1567410663.5403445
1567410663.8405793
1567410664.1422184
1567410664.4417584
1567410664.7420316
1567410665.0423238
1567410665.3422806
1567410665.6401498
1567410665.9402723
1567410666.2399435
1567410666.5401454
1567410666.8403263
1567410667.1408744
1567410667.4400764
1567410667.7402489
1567410668.0399587
1567410668.3402593
1567410668.6402197
1567410668.9405437
1567410669.2401841
1567410669.5402813
1567410669.8406422
1567410670.1402719
1567410670.5400016
1567410670.8403263
1567410671.1401412
1567410671.440119
1567410671.740119
1567410672.0400887
1567410672.3405683
1567410672.6398995
1567410672.9418502
1567410673.247889
1567410673.5480816
1567410673.840045
1567410674.1398664
1567410674.4400241
1567410674.740063
1567410675.0398841
1567410675.3412154
1567410675.6404727
1567410675.8403261
1567410676.0405653
1567410676.2400191
1567410676.439966
1567410676.6395493
1567410676.8412025
1567410677.0422237
1567410677.2469668
1567410677.446938
1567410677.6480238
1567410677.8477945
1567410678.048228
1567410678.2483008
1567410678.4479516
1567410678.6483002
1567410678.8482215
1567410679.0405407
1567410679.3402526
1567410679.5400438
1567410679.7402778
1567410679.9403131
1567410680.1402025
1567410680.3400757
1567410680.5399327
1567410680.7402811
1567410680.9404244
1567410681.1404524
1567410681.3404481
1567410681.5404069
1567410681.7406785
1567410681.9404805
1567410682.1406083
1567410682.3420844
1567410682.5452282
