1567410201.745204687118530
1567410207.852568864822388
1567410208.453216791152954
1567410208.953080892562866
1567410209.345034122467041
1567410209.645383358001709
1567410209.945221900939941
1567410210.244798183441162
1567410210.544965028762817
1567410210.845219373703003
1567410211.045461654663086
1567410211.245738267898560
1567410211.445383310317993
1567410211.647953033447266
1567410211.848179340362549
1567410212.048313379287720
1567410212.250027894973755
1567410212.450055599212646
1567410212.650217771530151
1567410212.849552154541016
1567410213.049733638763428
1567410213.249836206436157
1567410213.451728105545044
1567410213.651504278182983
1567410213.851291656494141
1567410214.053086996078491
1567410214.252997159957886
1567410214.452920913696289
1567410214.652820587158203
1567410214.852018833160400
1567410215.045036077499390
1567410215.245101928710938
1567410215.544822454452515
1567410215.744920253753662
1567410216.044895172119141
1567410216.244917154312134
1567410216.444829940795898
1567410216.644967794418335
1567410216.844465970993042
1567410217.045069932937622
1567410217.246862888336182
1567410217.446738481521606
1567410217.646790742874146
1567410217.847036361694336
1567410218.047135114669800
1567410218.246778964996338
1567410218.546864986419678
1567410218.746401071548462
1567410218.946395874023438
1567410219.146742343902588
1567410219.346210956573486
1567410219.549219846725464
1567410219.752782583236694
1567410219.952789783477783
1567410220.152971506118774
1567410220.352500677108765
1567410220.552542686462402
1567410220.752616882324219
1567410220.952307939529419
1567410221.152722358703613
1567410221.352142572402954
1567410221.552957534790039
1567410221.752850532531738
1567410221.952633380889893
1567410222.152313232421875
1567410222.344223260879517
1567410222.545071601867676
1567410222.844742774963379
1567410223.044837236404419
1567410223.244828701019287
1567410223.445065975189209
1567410223.644749641418457
1567410223.844904899597168
1567410224.045050859451294
1567410224.344531297683716
1567410224.545079469680786
1567410224.744923114776611
1567410224.944818735122681
1567410225.144947528839111
1567410225.346332788467407
1567410225.546424627304077
1567410225.746489048004150
1567410225.949831247329712
1567410226.151247501373291
1567410226.452478885650635
1567410226.652321815490723
1567410226.852447986602783
1567410227.044700860977173
1567410227.244917869567871
1567410227.444794893264771
1567410227.644786119461060
1567410227.844249963760376
1567410228.044786214828491
1567410228.244880914688110
1567410228.444965362548828
1567410228.644845008850098
1567410228.844724893569946
1567410229.146106958389282
1567410229.346414566040039
1567410229.548243761062622
1567410229.749385356903076
1567410229.950834751129150
1567410230.152412891387939
1567410230.352059602737427
1567410230.552474021911621
1567410230.752532243728638
1567410230.952627897262573
1567410231.152674198150635
1567410231.344666719436646
1567410231.544212818145752
1567410231.744218826293945
1567410231.944266080856323
1567410232.244323015213013
1567410232.444533824920654
1567410232.644456148147583
1567410232.844187736511230
1567410233.044184684753418
1567410233.244273662567139
1567410233.444814443588257
1567410233.644996404647827
1567410233.944864749908447
1567410234.345983028411865
1567410234.646281003952026
1567410234.946487665176392
1567410235.146533489227295
1567410235.446483373641968
1567410235.650645971298218
1567410235.850956201553345
1567410236.050564289093018
1567410236.252671718597412
1567410236.444800615310669
1567410236.644785404205322
1567410236.844562292098999
1567410237.045142412185669
1567410237.244381666183472
1567410237.444345712661743
1567410237.644681692123413
1567410237.844938755035400
1567410238.044837474822998
1567410238.244765996932983
1567410238.444617509841919
1567410238.646245479583740
1567410238.947813987731934
1567410239.249363422393799
1567410239.450829029083252
1567410239.650939226150513
1567410239.852283716201782
1567410240.544391870498657
1567410240.744203329086304
1567410240.945667982101440
1567410241.144559621810913
1567410241.344363212585449
1567410241.644671916961670
1567410241.847919940948486
1567410242.047220230102539
1567410242.247792720794678
1567410242.447726488113403
1567410242.647516965866089
1567410242.847766637802124
1567410243.147883415222168
1567410243.347861766815186
1567410243.547782182693481
1567410243.749293088912964
1567410243.952298164367676
1567410244.144488096237183
1567410244.444287538528442
1567410244.844313859939575
1567410245.244558095932007
1567410245.546141147613525
1567410245.846289396286011
1567410246.247352838516235
1567410246.448904991149902
1567410246.649147748947144
1567410246.849071264266968
1567410247.048802614212036
1567410247.548762321472168
1567410247.748971462249756
1567410247.948912382125854
1567410248.251754045486450
1567410248.452131032943726
1567410248.652135133743286
1567410248.851928949356079
1567410249.051988124847412
1567410249.251913070678711
1567410249.444127798080444
1567410249.743957519531250
1567410250.144081830978394
1567410250.344175100326538
1567410250.543867588043213
1567410250.844449043273926
1567410251.344110488891602
1567410251.644639015197754
1567410251.844536066055298
1567410252.043751478195190
1567410252.245054960250854
1567410252.444663524627686
1567410252.644611835479736
1567410252.950544834136963
1567410253.150505781173706
1567410253.351140975952148
1567410253.550537824630737
1567410253.751141548156738
1567410253.950851917266846
1567410254.151010751724243
1567410254.351104259490967
1567410254.551116943359375
1567410254.752438306808472
1567410255.052581548690796
1567410255.252423286437988
1567410255.452081680297852
1567410255.651948451995850
1567410255.844297409057617
1567410256.144370079040527
1567410256.344222307205200
1567410256.546251058578491
1567410256.746423721313477
1567410256.950865268707275
1567410257.152618408203125
1567410257.352699995040894
1567410257.844554662704468
1567410258.043735504150391
1567410258.244263887405396
1567410258.444400072097778
1567410258.649347305297852
1567410258.849554538726807
1567410259.149484634399414
1567410259.448628902435303
1567410259.749532461166382
1567410259.949356317520142
1567410260.149040937423706
1567410260.348870038986206
1567410260.548565864562988
1567410260.748783111572266
1567410261.049622297286987
1567410261.844177007675171
1567410262.444906949996948
1567410263.150874614715576
1567410263.347747564315796
1567410263.647834539413452
1567410263.949079036712646
1567410264.250186920166016
1567410264.452692747116089
1567410264.652920246124268
1567410264.852895259857178
1567410265.052268743515015
1567410265.344635248184204
1567410265.744113445281982
1567410266.044765472412109
1567410266.244169473648071
1567410266.544617414474487
1567410266.743901968002319
1567410266.944543600082397
1567410267.244637250900269
1567410267.445008039474487
1567410267.644752502441406
1567410268.146520614624023
1567410268.652490377426147
1567410268.946846961975098
1567410269.346302747726440
1567410269.644854307174683
1567410269.844722986221313
1567410270.044667959213257
1567410270.345057725906372
1567410270.544897079467773
1567410270.744898796081543
1567410270.944894552230835
1567410271.146402597427368
1567410271.347818851470947
1567410271.649431705474854
1567410271.949254751205444
1567410272.150585412979126
1567410272.451855897903442
1567410272.652091503143311
1567410272.852356672286987
1567410273.052890539169312
1567410273.253680229187012
1567410273.445550680160522
1567410273.744544982910156
1567410274.144227743148804
1567410274.544502973556519
1567410274.944353103637695
1567410275.146102666854858
1567410275.346292018890381
1567410275.546189546585083
1567410275.746000051498413
1567410276.247271776199341
1567410276.447538137435913
1567410276.747531175613403
1567410276.947186470031738
1567410277.143913507461548
1567410277.343745231628418
1567410277.544031858444214
1567410277.743336439132690
1567410277.944667100906372
1567410278.144458293914795
1567410278.444335460662842
1567410278.844559431076050
1567410279.044369459152222
1567410279.345788240432739
1567410279.644129753112793
1567410280.144390821456909
1567410280.645910739898682
1567410280.848895311355591
1567410281.050237178802490
1567410281.443819999694824
1567410281.743842363357544
1567410282.044258594512939
1567410282.344251871109009
1567410282.647409200668335
1567410282.946915149688721
1567410283.250429868698120
1567410283.750600814819336
1567410284.051786422729492
1567410284.351777315139771
1567410284.651877880096436
1567410285.043864250183105
1567410285.343719720840454
1567410285.643788099288940
1567410285.943379878997803
1567410286.243566989898682
1567410286.543685913085938
1567410286.943763732910156
1567410287.145600318908691
1567410287.345618724822998
1567410287.545724630355835
1567410287.746061325073242
1567410288.147344350814819
1567410288.347226619720459
1567410288.547664642333984
1567410288.847244501113892
1567410289.047296524047852
1567410289.247076749801636
1567410289.551773071289062
1567410289.951793193817139
1567410290.251984834671021
1567410290.451029062271118
1567410290.751588106155396
1567410290.950997829437256
1567410291.151918172836304
1567410291.344019412994385
1567410291.644362688064575
1567410291.843894243240356
1567410292.144083499908447
1567410292.343921899795532
1567410292.543859958648682
1567410292.743884325027466
1567410292.944214105606079
1567410293.350069761276245
1567410293.850012063980103
1567410294.043824911117554
1567410294.243794441223145
1567410294.543569087982178
1567410294.943615913391113
1567410295.143791437149048
1567410295.343693494796753
1567410295.643722295761108
1567410295.844014167785645
1567410296.044130802154541
1567410296.344383239746094
1567410296.544297933578491
1567410296.745930194854736
1567410296.943912267684937
1567410297.144066095352173
1567410297.343873500823975
1567410297.644016265869141
1567410298.546986103057861
1567410298.747300148010254
1567410298.947379112243652
1567410299.347152471542358
1567410299.648426055908203
1567410300.051775217056274
1567410300.444001436233521
1567410300.644021511077881
1567410300.946940183639526
1567410301.146764993667603
1567410301.347625255584717
1567410301.647333383560181
1567410301.850476503372192
1567410302.050526380538940
1567410302.351663112640381
1567410302.943790674209595
1567410303.143285274505615
1567410303.443587541580200
1567410303.745156288146973
1567410303.943726539611816
1567410304.243705034255981
1567410304.445055723190308
1567410304.843585491180420
1567410305.643321275711060
1567410305.843579053878784
1567410306.143486738204956
1567410306.443515062332153
1567410306.743867158889771
1567410306.944109678268433
1567410307.145290136337280
1567410307.345524311065674
1567410307.545347690582275
1567410307.746813774108887
1567410307.947006702423096
1567410308.146165847778320
1567410308.347093820571899
1567410308.548140048980713
1567410308.748193502426147
1567410308.948313236236572
1567410309.149709939956665
1567410309.349828720092773
1567410309.549835681915283
1567410309.749937772750854
1567410309.951043128967285
1567410310.151219606399536
1567410310.542988061904907
1567410310.743157148361206
1567410310.943199157714844
1567410311.142661094665527
1567410311.543714046478271
1567410311.745461702346802
1567410311.945475101470947
1567410312.146764039993286
1567410312.346933603286743
1567410312.546458482742310
1567410312.746658802032471
1567410312.946907997131348
1567410313.147004842758179
1567410313.347099542617798
1567410313.546924591064453
1567410313.746571779251099
1567410314.148462295532227
1567410314.448210239410400
1567410314.647471904754639
1567410314.848682641983032
1567410315.048264741897583
1567410315.249619245529175
1567410316.243121623992920
1567410316.443104028701782
1567410316.643599271774292
1567410316.843708515167236
1567410317.043787002563477
1567410317.243435382843018
1567410317.443577289581299
1567410317.648165941238403
1567410317.850684404373169
1567410318.051001071929932
1567410318.351400613784790
1567410318.551351547241211
1567410318.850991725921631
1567410319.051189184188843
1567410319.343396663665771
1567410319.943465709686279
1567410320.142703533172607
1567410320.343276977539062
1567410320.643787145614624
1567410320.943821430206299
1567410321.143993854522705
1567410321.343600273132324
1567410321.644208192825317
1567410321.843895435333252
1567410322.043936252593994
1567410322.343657732009888
1567410322.543815135955811
1567410322.843554019927979
1567410323.043724060058594
1567410323.243874073028564
1567410323.546378612518311
1567410323.746500015258789
1567410323.948297023773193
1567410324.248282432556152
1567410324.448415994644165
1567410324.648320436477661
1567410324.848465681076050
1567410325.148129940032959
1567410325.347874641418457
1567410325.548288822174072
1567410325.748179435729980
1567410325.948137998580933
1567410326.250973701477051
1567410326.551309585571289
1567410326.753202199935913
1567410326.943524360656738
1567410327.143365383148193
1567410327.342874050140381
1567410327.543891668319702
1567410327.743488550186157
1567410327.943364858627319
1567410328.143597841262817
1567410328.445264339447021
1567410328.645088911056519
1567410328.844877004623413
1567410329.045064926147461
1567410329.345258235931396
1567410329.546296834945679
1567410329.745340108871460
1567410329.946899652481079
1567410330.849554777145386
1567410331.050969123840332
1567410331.243196010589600
1567410331.443154573440552
1567410331.643040657043457
1567410331.944738864898682
1567410332.144922256469727
1567410332.343202829360962
1567410332.543375253677368
1567410332.743175745010376
1567410332.943191766738892
1567410333.143062114715576
1567410333.442941904067993
1567410333.643001556396484
1567410334.043598175048828
1567410334.243391752243042
1567410334.645017147064209
1567410334.844421625137329
1567410335.044957876205444
1567410335.546613454818726
1567410335.948398351669312
1567410336.143192768096924
1567410336.343544244766235
1567410336.545046806335449
1567410336.846713542938232
1567410337.048033952713013
1567410337.248249530792236
1567410337.548133134841919
1567410337.748052835464478
1567410337.951184749603271
1567410338.151057720184326
1567410338.352366685867310
1567410339.243152141571045
1567410339.642821073532104
1567410339.843000173568726
1567410340.042781114578247
1567410340.243053674697876
1567410340.443361282348633
1567410340.743197917938232
1567410341.042832612991333
1567410341.243498086929321
1567410341.543597936630249
1567410341.743557453155518
1567410341.943346261978149
1567410342.243449449539185
1567410342.443409919738770
1567410342.743506431579590
1567410343.042876958847046
1567410343.443664073944092
1567410343.745041608810425
1567410343.946791887283325
1567410344.147884845733643
1567410344.449442386627197
1567410344.649452686309814
1567410344.849504947662354
1567410345.049221038818359
1567410345.251571655273438
1567410345.550773859024048
1567410345.751086473464966
1567410346.043225526809692
1567410346.243723154067993
1567410346.542511701583862
1567410346.743704557418823
1567410346.949741363525391
1567410347.249530792236328
1567410347.649474382400513
1567410348.048671960830688
1567410348.451187372207642
1567410348.951068639755249
1567410349.151047468185425
1567410349.351054906845093
1567410349.543013095855713
1567410350.243368625640869
1567410350.542406082153320
1567410350.946575403213501
1567410351.246354579925537
1567410351.646240234375000
1567410352.147524595260620
1567410352.343226909637451
1567410352.943159580230713
1567410353.247509956359863
1567410353.447752952575684
1567410353.750569581985474
1567410353.950667858123779
1567410354.150771617889404
1567410354.350914716720581
1567410354.650874137878418
1567410354.843206167221069
1567410355.145033121109009
1567410355.446581602096558
1567410355.651305675506592
1567410355.850858926773071
1567410356.643063068389893
1567410356.843144655227661
1567410357.143236398696899
1567410357.343247890472412
1567410357.543068408966064
1567410358.243474721908569
1567410358.443458080291748
1567410358.643202543258667
1567410358.842980146408081
1567410359.243099927902222
1567410359.543329477310181
1567410359.943064928054810
1567410360.343325138092041
1567410360.742505550384521
1567410361.043313741683960
1567410361.543498754501343
1567410361.844767332077026
1567410362.044396877288818
1567410362.243675231933594
1567410362.544936418533325
1567410362.846276760101318
1567410363.447760343551636
1567410363.649144887924194
1567410364.049041986465454
1567410364.349169492721558
1567410364.650842905044556
1567410364.850677013397217
1567410365.143153429031372
1567410365.443469047546387
1567410365.643276214599609
1567410365.843492031097412
1567410366.244847774505615
1567410366.544777870178223
1567410367.047843694686890
1567410367.749495744705200
1567410367.951016664505005
1567410368.342949390411377
1567410368.743118047714233
1567410368.942981958389282
1567410369.143062591552734
1567410369.443737745285034
1567410369.843665838241577
1567410370.143370151519775
1567410370.343179225921631
1567410370.742427825927734
1567410370.943007230758667
1567410371.143084764480591
1567410371.343056440353394
1567410371.543446779251099
1567410371.743673801422119
1567410371.944046258926392
1567410372.143673896789551
1567410372.343250513076782
1567410372.643521547317505
1567410372.843686342239380
1567410373.044991493225098
1567410373.244910001754761
1567410373.444855213165283
1567410373.644700050354004
1567410373.844859123229980
1567410374.447678565979004
1567410375.049099445343018
1567410375.249378442764282
1567410375.449184179306030
1567410375.649199962615967
1567410375.949377059936523
1567410376.442637920379639
1567410376.742536783218384
1567410377.043237686157227
1567410377.249568700790405
1567410377.449337244033813
1567410377.747761011123657
1567410378.048111200332642
1567410378.248300552368164
1567410378.447812318801880
1567410378.649314165115356
1567410378.848828315734863
1567410379.042607784271240
1567410379.243169546127319
1567410379.442604541778564
1567410379.643064022064209
1567410379.942768096923828
1567410380.143455028533936
1567410380.342852354049683
1567410380.542546510696411
1567410380.742993593215942
1567410381.145061492919922
1567410381.344997167587280
1567410381.947625160217285
1567410382.247547864913940
1567410382.546991348266602
1567410382.849111318588257
1567410383.249067544937134
1567410383.549141407012939
1567410383.849066019058228
1567410384.650548458099365
1567410384.942861318588257
1567410385.242662191390991
1567410385.542680978775024
1567410385.843038797378540
1567410386.144414186477661
1567410386.445908784866333
1567410386.745936632156372
1567410387.248810052871704
1567410387.643092632293701
1567410387.943021297454834
1567410388.243137121200562
1567410388.643892049789429
1567410388.944833993911743
1567410389.749373197555542
1567410389.949315309524536
1567410390.150768280029297
1567410390.350692033767700
1567410390.550796031951904
1567410390.750571250915527
1567410390.942771434783936
1567410391.142929553985596
1567410391.543236970901489
1567410391.743325471878052
1567410391.942821264266968
1567410392.342939138412476
1567410392.743664503097534
1567410392.943095207214355
1567410393.143221855163574
1567410393.542998790740967
1567410393.942878007888794
1567410394.142936229705811
1567410394.343111515045166
1567410394.643367052078247
1567410394.843169689178467
1567410395.142792940139771
1567410395.342992305755615
1567410395.543148994445801
1567410395.743199586868286
1567410395.943226099014282
1567410396.144775152206421
1567410396.344569444656372
1567410396.544281244277954
1567410396.848896265029907
1567410397.049276113510132
1567410397.249146699905396
1567410397.448984861373901
1567410397.648889303207397
1567410397.848869562149048
1567410398.049076318740845
1567410398.250518798828125
1567410398.451587677001953
1567410398.650333881378174
1567410398.850972890853882
1567410399.042860984802246
1567410399.242734670639038
1567410399.444139719009399
1567410399.642584085464478
1567410399.842613935470581
1567410400.042702436447144
1567410400.342832088470459
1567410400.542680263519287
1567410400.842546463012695
1567410401.143118858337402
1567410401.344245433807373
1567410401.543952226638794
1567410401.744232892990112
1567410402.044790506362915
1567410402.244593381881714
1567410402.446100711822510
1567410402.646103858947754
1567410402.849449157714844
1567410403.050225973129272
1567410403.242451190948486
1567410403.542558431625366
1567410403.742683172225952
1567410403.943221807479858
1567410404.143011569976807
1567410404.342943668365479
1567410404.542572021484375
1567410404.742591857910156
1567410404.942785263061523
1567410405.444721460342407
1567410405.845709323883057
1567410406.046130418777466
1567410406.247814893722534
1567410406.749049186706543
1567410406.950498104095459
1567410407.142633914947510
1567410407.342626333236694
1567410407.641879081726074
1567410407.842562913894653
1567410408.042757987976074
1567410408.442780256271362
1567410408.642644882202148
1567410408.842958927154541
1567410409.342698335647583
1567410409.542786836624146
1567410409.742969751358032
1567410409.942880868911743
1567410410.144401073455811
1567410410.445994377136230
1567410410.749133110046387
1567410410.949005603790283
1567410411.942821264266968
1567410412.142718791961670
1567410412.342670679092407
1567410412.542884826660156
1567410412.742939710617065
1567410412.942610979080200
1567410413.142302274703979
1567410413.342264652252197
1567410413.542722702026367
1567410414.044415950775146
1567410414.245440006256104
1567410414.445457458496094
1567410415.046256065368652
1567410415.246115922927856
1567410415.647334098815918
1567410415.846885919570923
1567410416.047581434249878
1567410416.546971797943115
1567410416.846503734588623
1567410417.346769094467163
1567410417.647507905960083
1567410417.947107791900635
1567410418.146944284439087
1567410418.346831321716309
1567410418.646981954574585
1567410418.847114801406860
1567410419.047426462173462
1567410419.247551441192627
1567410419.447047233581543
1567410419.646803379058838
1567410419.849785804748535
1567410420.042011499404907
1567410420.242284059524536
1567410420.542303323745728
1567410420.742082357406616
1567410420.942070484161377
1567410421.343924283981323
1567410421.542123794555664
1567410422.542290687561035
1567410423.043543815612793
1567410423.344299316406250
1567410423.544342041015625
1567410423.843723297119141
1567410424.144103765487671
1567410424.343227386474609
1567410424.648889303207397
1567410424.848129749298096
1567410425.248972177505493
1567410425.450124740600586
1567410425.650204896926880
1567410425.950220823287964
1567410426.250095844268799
1567410427.042848348617554
1567410427.542379856109619
1567410427.742537021636963
1567410428.142736673355103
1567410428.447170019149780
1567410428.647212982177734
1567410428.847398281097412
1567410429.247545719146729
1567410429.447294235229492
1567410429.647208213806152
1567410430.046880006790161
1567410430.447399616241455
1567410430.846879482269287
1567410431.247103452682495
1567410431.646957635879517
1567410432.047303676605225
1567410432.247567892074585
1567410432.447084903717041
1567410432.948923587799072
1567410433.248707532882690
1567410433.948394775390625
1567410434.150319099426270
1567410434.442603588104248
1567410434.642407417297363
1567410434.942078828811646
1567410435.143921136856079
1567410435.343986272811890
1567410435.544159650802612
1567410435.943735599517822
1567410436.343992948532104
1567410436.545747280120850
1567410436.747007131576538
1567410437.448653936386108
1567410437.748420953750610
1567410438.049263954162598
1567410438.242186546325684
1567410438.642619371414185
1567410438.942483901977539
1567410439.342590570449829
1567410439.642566919326782
1567410439.842383861541748
1567410440.142593622207642
1567410440.542490720748901
1567410440.842649936676025
1567410441.247317790985107
1567410441.448560953140259
1567410441.848414182662964
1567410442.250305891036987
1567410442.448463678359985
1567410442.848186016082764
1567410443.048015832901001
1567410443.548024177551270
1567410443.848356008529663
1567410444.142078399658203
1567410444.342430353164673
1567410444.542155265808105
1567410444.942169666290283
1567410445.142032861709595
1567410445.342198133468628
1567410445.742661714553833
1567410446.242690086364746
1567410446.642160177230835
1567410446.842117309570312
1567410447.144403934478760
1567410447.445490598678589
1567410447.645877599716187
1567410447.947206497192383
1567410448.346932172775269
1567410448.846761941909790
1567410449.146874189376831
1567410449.347140312194824
1567410449.848816394805908
1567410450.048825502395630
1567410450.248767375946045
1567410450.448946952819824
1567410450.650216341018677
1567410450.842385768890381
1567410451.042365789413452
1567410451.442363500595093
1567410451.742246389389038
1567410452.044402599334717
1567410452.244127988815308
1567410452.546048402786255
1567410453.248284816741943
1567410453.842629194259644
1567410454.042891263961792
1567410454.444119691848755
1567410454.744405269622803
1567410455.243310928344727
1567410455.647016763687134
1567410455.848454236984253
1567410456.048454761505127
1567410456.850171566009521
1567410457.042725086212158
1567410457.342535972595215
1567410457.642204523086548
1567410457.842334985733032
1567410458.144244670867920
1567410458.343949556350708
1567410458.544031143188477
1567410458.744329214096069
1567410458.944586038589478
1567410459.346884250640869
1567410459.648378849029541
1567410459.848547220230103
1567410460.050216197967529
1567410460.242323398590088
1567410460.542401075363159
1567410460.842797517776489
1567410461.042593479156494
1567410461.242212057113647
1567410461.443719148635864
1567410461.644251108169556
1567410461.844368457794189
1567410462.045282840728760
1567410462.545504570007324
1567410462.847109794616699
1567410463.046710729598999
1567410463.246919155120850
1567410463.448947668075562
1567410463.748537540435791
1567410464.348218679428101
1567410464.648744344711304
1567410465.148172855377197
1567410465.348623275756836
1567410465.548485517501831
1567410465.748599290847778
1567410465.948406934738159
1567410466.148475408554077
1567410466.448531866073608
1567410466.648743867874146
1567410466.948193073272705
1567410467.348307609558105
1567410467.548476457595825
1567410467.748454093933105
1567410468.148462057113647
1567410468.548599958419800
1567410468.748620986938477
1567410469.048211097717285
1567410469.248282670974731
1567410469.548681974411011
1567410469.849802732467651
1567410470.049624681472778
1567410470.241954088211060
1567410470.441698789596558
1567410470.642071723937988
1567410471.042198181152344
1567410471.242298364639282
1567410471.441890478134155
1567410471.642205715179443
1567410471.841993570327759
1567410472.141993999481201
1567410472.442397356033325
1567410472.643861532211304
1567410472.843643903732300
1567410473.043793439865112
1567410473.243936061859131
1567410473.443319559097290
1567410473.645900011062622
1567410473.846483469009399
1567410474.046571969985962
1567410474.246762752532959
1567410474.546864986419678
1567410474.846855640411377
1567410475.046957492828369
1567410475.246898651123047
1567410475.548046827316284
1567410475.848493814468384
1567410476.149902343750000
1567410476.349753141403198
1567410476.549862623214722
1567410476.742221355438232
1567410477.042009830474854
1567410477.341748237609863
1567410477.642201423645020
1567410477.945034027099609
1567410478.245037317276001
1567410478.546919822692871
1567410478.843872070312500
1567410479.145006895065308
1567410479.448196649551392
1567410479.742131471633911
1567410480.142161607742310
1567410480.542161941528320
1567410480.942744493484497
1567410481.442167758941650
1567410482.042227745056152
1567410482.542104005813599
1567410483.043700933456421
1567410483.445054292678833
1567410483.845348596572876
1567410484.348074674606323
1567410484.741652488708496
1567410485.041824579238892
1567410485.442135334014893
1567410485.742023706436157
1567410486.042263984680176
1567410486.342129468917847
1567410486.642547369003296
1567410486.842471122741699
1567410487.042231798171997
1567410487.242434501647949
1567410487.441763639450073
1567410487.642859697341919
1567410487.842836380004883
1567410488.043726444244385
1567410488.245211362838745
1567410488.446710586547852
1567410488.746855020523071
1567410489.048261880874634
1567410489.351104974746704
1567410489.541573047637939
1567410489.941959381103516
1567410490.241863250732422
1567410490.642151832580566
1567410490.843795776367188
1567410491.142889499664307
1567410491.443753004074097
1567410492.046699285507202
1567410492.248321533203125
1567410492.849752426147461
1567410493.049826860427856
1567410493.249848127365112
1567410493.549289226531982
1567410493.749437093734741
1567410494.049719095230103
1567410494.242170333862305
1567410494.641867160797119
1567410494.841605901718140
1567410495.041531562805176
1567410495.241600990295410
1567410495.441984415054321
1567410495.642012357711792
1567410495.841991662979126
1567410496.042086839675903
1567410496.342371225357056
1567410496.643837213516235
1567410496.843456268310547
1567410497.143103599548340
1567410497.343495130538940
1567410497.644968986511230
1567410497.946416854858398
1567410498.247968196868896
1567410498.549576997756958
1567410499.541732072830200
1567410499.841912746429443
1567410500.241708517074585
1567410500.441701889038086
1567410500.741483688354492
1567410501.141396284103394
1567410501.442956209182739
1567410501.640908479690552
1567410501.841537714004517
1567410502.041512966156006
1567410502.341458082199097
1567410502.441600561141968
1567410502.641916513442993
1567410502.742003679275513
1567410502.841963768005371
1567410503.041877031326294
1567410503.341776609420776
1567410503.541606426239014
1567410503.641116142272949
1567410503.741571664810181
1567410503.841509342193604
1567410503.941762924194336
1567410504.242026805877686
1567410504.442160606384277
1567410504.641768693923950
1567410504.741651773452759
1567410504.841599464416504
1567410505.043624639511108
1567410505.143542051315308
1567410505.348052978515625
1567410505.447874784469604
1567410505.547623157501221
1567410505.647652626037598
1567410505.747742176055908
1567410505.847666025161743
1567410506.349503517150879
1567410506.549345254898071
1567410506.749284982681274
1567410506.849294662475586
1567410506.949517011642456
1567410507.051072835922241
1567410507.141580820083618
1567410507.241610765457153
1567410507.341365814208984
1567410507.441397190093994
1567410507.541285991668701
1567410507.641573190689087
1567410507.741130352020264
1567410508.043344974517822
1567410508.342905044555664
1567410508.844927072525024
1567410509.044853925704956
1567410509.144690275192261
1567410509.947945117950439
1567410510.147922277450562
1567410510.348626375198364
1567410510.649400472640991
1567410510.941606998443604
1567410511.141278982162476
1567410511.341166734695435
1567410511.541108846664429
1567410511.741216182708740
1567410511.941670179367065
1567410512.141783714294434
1567410512.342053890228271
1567410512.643491983413696
1567410512.943461656570435
1567410513.143588542938232
1567410513.344007730484009
1567410513.545024394989014
1567410513.844915866851807
1567410514.149122714996338
1567410514.441626787185669
1567410514.641832113265991
1567410514.841537237167358
1567410515.243391752243042
1567410515.443372488021851
1567410515.844747781753540
1567410516.044788122177124
1567410516.446670293807983
1567410516.647813796997070
1567410516.847062587738037
1567410517.048305749893188
1567410517.347337961196899
1567410517.547707319259644
1567410517.848192453384399
1567410518.048160076141357
1567410518.247747421264648
1567410518.647806882858276
1567410518.847997665405273
1567410519.047935724258423
1567410519.248006343841553
1567410519.641768217086792
1567410519.841498851776123
1567410520.041506767272949
1567410520.241528987884521
1567410520.441447257995605
1567410520.641264677047729
1567410520.841710090637207
1567410521.042189598083496
1567410521.242062091827393
1567410521.442015647888184
1567410521.641772270202637
1567410521.841233730316162
1567410522.041859865188599
1567410522.342958688735962
1567410522.544733524322510
1567410522.846373319625854
1567410523.046200752258301
1567410523.247900009155273
1567410523.448020935058594
1567410523.648210525512695
1567410523.848365306854248
1567410524.047716140747070
1567410524.248007059097290
1567410524.447776556015015
1567410524.647675752639771
1567410524.847827434539795
1567410525.041303157806396
1567410525.341735601425171
1567410525.641422033309937
1567410525.841625690460205
1567410526.041550159454346
1567410526.242123603820801
1567410526.441926717758179
1567410526.643564224243164
1567410526.843385457992554
1567410527.047440290451050
1567410527.249242305755615
1567410527.541429042816162
1567410527.741335153579712
1567410527.941461801528931
1567410528.141906976699829
1567410528.341974496841431
1567410528.744824886322021
1567410529.446238756179810
1567410529.646111726760864
1567410529.948076248168945
1567410530.149724245071411
1567410530.441575050354004
1567410530.641331434249878
1567410530.841634035110474
1567410531.041764497756958
1567410531.242139577865601
1567410531.441480636596680
1567410531.641660213470459
1567410531.841689348220825
1567410532.043028831481934
1567410532.243035554885864
1567410532.442936658859253
1567410532.643062829971313
1567410532.944799423217773
1567410533.244725942611694
1567410533.544701814651489
1567410533.845936059951782
1567410534.047544479370117
1567410534.447859764099121
1567410534.748007774353027
1567410535.048734188079834
1567410535.240900278091431
1567410535.643094062805176
1567410536.144627809524536
1567410536.344952821731567
1567410536.545153379440308
1567410536.745006561279297
1567410536.944403648376465
1567410537.144428968429565
1567410537.344681978225708
1567410537.546369314193726
1567410538.045567274093628
1567410538.546106815338135
1567410538.746250152587891
1567410538.946305274963379
1567410539.146126508712769
1567410539.446120023727417
1567410539.746175289154053
1567410539.946254014968872
1567410540.146126985549927
1567410540.346027374267578
1567410540.746057271957397
1567410540.946451663970947
1567410541.445925474166870
1567410541.645985126495361
1567410541.949348449707031
1567410542.149249792098999
1567410542.442696332931519
1567410542.640982389450073
1567410542.841009855270386
1567410543.041350364685059
1567410543.342916965484619
1567410543.541358232498169
1567410543.740890264511108
1567410543.941370248794556
1567410544.241836309432983
1567410544.546618223190308
1567410544.846117734909058
1567410545.147568225860596
1567410545.347751617431641
1567410545.547620534896851
1567410545.748955965042114
1567410545.941349029541016
1567410546.141424179077148
1567410546.441350936889648
1567410546.741107463836670
1567410547.040921449661255
1567410547.443342685699463
1567410547.848674535751343
1567410548.348650455474854
1567410548.749162435531616
1567410549.342622280120850
1567410549.941211223602295
1567410550.240766525268555
1567410550.541340112686157
1567410550.841387987136841
1567410551.141181945800781
1567410551.441612005233765
1567410551.648887634277344
1567410551.848844766616821
1567410552.041038990020752
1567410552.240354776382446
1567410552.440760135650635
1567410553.241326570510864
1567410553.441515445709229
1567410553.641297101974487
1567410553.841238021850586
1567410554.041400909423828
1567410554.240974426269531
1567410554.443760156631470
1567410554.643042564392090
1567410554.842844247817993
1567410555.143083095550537
1567410555.343158483505249
1567410555.542871713638306
1567410555.742815732955933
1567410555.944211959838867
1567410556.446068525314331
1567410556.647302627563477
1567410556.847237825393677
1567410557.041117191314697
1567410557.242684602737427
1567410557.443032741546631
1567410557.642847776412964
1567410557.844348192214966
1567410558.144131660461426
1567410558.344243288040161
1567410558.546074867248535
1567410559.046984672546387
1567410559.447355031967163
1567410559.641485214233398
1567410559.843104362487793
1567410560.044637441635132
1567410560.245965480804443
1567410560.447072744369507
1567410560.640894651412964
1567410560.841033697128296
1567410561.041060447692871
1567410561.241372823715210
1567410561.441352605819702
1567410561.640957355499268
1567410561.840976953506470
1567410562.141099929809570
1567410562.341095924377441
1567410562.540795087814331
1567410562.742291927337646
1567410562.942735910415649
1567410563.142883777618408
1567410563.343048095703125
1567410563.544904232025146
1567410563.744281768798828
1567410563.943382024765015
1567410564.147050857543945
1567410564.449735641479492
1567410564.940926313400269
1567410565.344594717025757
1567410565.541589975357056
1567410565.744196414947510
1567410565.943868160247803
1567410566.144092321395874
1567410566.344010829925537
1567410566.544176816940308
1567410566.946485280990601
1567410567.247482776641846
1567410567.447082519531250
1567410567.649091005325317
1567410567.848496675491333
1567410568.040836811065674
1567410568.241008996963501
1567410568.541180610656738
1567410568.741151809692383
1567410568.940837383270264
1567410569.141171216964722
1567410569.341097354888916
1567410569.540930509567261
1567410569.740986824035645
1567410569.941010713577271
1567410570.141315221786499
1567410570.340842962265015
1567410570.541484117507935
1567410570.841338634490967
1567410571.141278028488159
1567410571.342469930648804
1567410571.542416810989380
1567410571.742639780044556
1567410571.942538261413574
1567410572.142874002456665
1567410572.342810869216919
1567410572.644670963287354
1567410572.945075988769531
1567410573.245274305343628
1567410573.747419118881226
1567410573.946696043014526
1567410574.148581266403198
1567410574.348583459854126
1567410574.548453330993652
1567410574.940116882324219
1567410575.242558240890503
1567410575.543845415115356
1567410575.744009733200073
1567410575.943368673324585
1567410576.345224380493164
1567410576.948653936386108
1567410577.141037225723267
1567410577.340601205825806
1567410577.540448427200317
1567410577.740550518035889
1567410577.940430164337158
1567410578.140224456787109
1567410578.340262889862061
1567410578.540829420089722
1567410578.741096019744873
1567410579.040741920471191
1567410579.242262840270996
1567410579.442116022109985
1567410579.742218017578125
1567410579.942345380783081
1567410580.142177343368530
1567410580.342288970947266
1567410580.541984319686890
1567410580.742221832275391
1567410581.242132902145386
1567410581.442229509353638
1567410581.642090797424316
1567410581.842509269714355
1567410582.142298460006714
1567410582.342199802398682
1567410582.542192459106445
1567410582.742192029953003
1567410583.041865825653076
1567410583.342180967330933
1567410583.542447328567505
1567410583.842283487319946
1567410584.042397499084473
1567410584.342438459396362
1567410584.542419910430908
1567410584.743958234786987
1567410584.943796396255493
1567410585.243689060211182
1567410585.443619489669800
1567410585.745280027389526
1567410585.946977615356445
1567410586.147147417068481
1567410586.347284078598022
1567410586.546848773956299
1567410586.748166799545288
1567410586.940258026123047
1567410587.140307664871216
1567410587.340219974517822
1567410587.540284395217896
1567410587.940392971038818
1567410588.139909267425537
1567410588.540459871292114
1567410588.740268945693970
1567410589.240458726882935
1567410589.440301656723022
1567410589.640092372894287
1567410589.940334558486938
1567410590.140404462814331
1567410590.343836307525635
1567410590.540234804153442
1567410591.240384340286255
1567410591.440187692642212
1567410591.640821933746338
1567410591.841223955154419
1567410592.042373657226562
1567410592.242248296737671
1567410592.443593740463257
1567410592.644864320755005
1567410592.845243692398071
1567410593.046963930130005
1567410593.240416526794434
1567410593.440325736999512
1567410593.640125036239624
1567410593.840553283691406
1567410594.042256593704224
1567410594.243515729904175
1567410594.644010066986084
1567410594.844217300415039
1567410595.143597841262817
1567410595.443699598312378
1567410595.643646955490112
1567410596.048189401626587
1567410596.248109102249146
1567410596.440364599227905
1567410596.740015983581543
1567410596.940040111541748
1567410597.440123081207275
1567410597.639730930328369
1567410597.840148448944092
1567410598.040542364120483
1567410598.240738153457642
1567410598.440935850143433
1567410598.742270946502686
1567410599.245060920715332
1567410599.548314094543457
1567410599.740492820739746
1567410599.940418720245361
1567410600.940041780471802
1567410601.340270996093750
1567410601.540325164794922
1567410601.740201234817505
1567410601.940314292907715
1567410602.140447139739990
1567410602.341598510742188
1567410602.540505170822144
1567410602.740752458572388
1567410603.040344238281250
1567410603.240258216857910
1567410603.540627241134644
1567410603.841666221618652
1567410604.042051076889038
1567410604.343726158142090
1567410604.548623323440552
1567410604.839660882949829
1567410605.140072822570801
1567410605.440323829650879
1567410605.640391826629639
1567410605.839782238006592
1567410606.140658140182495
1567410606.440857887268066
1567410606.640837192535400
1567410606.840853452682495
1567410607.041073083877563
1567410607.240595340728760
1567410607.440356492996216
1567410607.640416860580444
1567410607.842194318771362
1567410608.042414188385010
1567410608.242322206497192
1567410608.442206621170044
1567410608.742130994796753
1567410608.942144155502319
1567410609.143225193023682
1567410609.343594312667847
1567410609.543693304061890
1567410609.743751049041748
1567410610.043890476226807
1567410610.443629264831543
1567410610.643773078918457
1567410610.842949867248535
1567410611.043501853942871
1567410611.343584775924683
1567410611.643884897232056
1567410611.843565225601196
1567410612.143696069717407
1567410612.343255043029785
1567410612.545011043548584
1567410612.743314266204834
1567410612.943507194519043
1567410613.145222187042236
1567410613.345236063003540
1567410613.548104763031006
1567410613.748368740081787
1567410613.948383569717407
1567410614.240585327148438
1567410614.440701246261597
1567410614.748364210128784
1567410615.148320436477661
1567410615.348234176635742
1567410615.547840595245361
1567410615.840376853942871
1567410616.140681505203247
1567410616.340561389923096
1567410617.046688079833984
1567410617.246520757675171
1567410617.646819591522217
1567410618.140533685684204
1567410618.340345382690430
1567410618.540481090545654
1567410618.740723609924316
1567410619.140903472900391
1567410619.342242002487183
1567410619.541522264480591
1567410619.743433713912964
1567410619.945074319839478
1567410620.145249366760254
1567410620.345204830169678
1567410620.545198917388916
1567410620.745325088500977
1567410620.947016954421997
1567410621.146500587463379
1567410621.346804618835449
1567410621.546289682388306
1567410621.746996164321899
1567410621.947001934051514
1567410622.146779298782349
1567410622.346798419952393
1567410622.646975278854370
1567410622.946773290634155
1567410623.248324632644653
1567410623.548032045364380
1567410623.848199605941772
1567410624.148399114608765
1567410624.748779058456421
1567410625.047880887985229
1567410625.348128080368042
1567410625.648067474365234
1567410626.148339271545410
1567410626.348346948623657
1567410626.548306703567505
1567410626.748274087905884
1567410626.948088645935059
1567410627.148240566253662
1567410627.348391056060791
1567410627.548590183258057
1567410627.848198413848877
1567410628.047348499298096
1567410628.248231410980225
1567410628.448223590850830
1567410628.640339612960815
1567410628.840127944946289
1567410629.039604902267456
1567410629.240203857421875
1567410629.440272331237793
1567410629.640228509902954
1567410629.840075016021729
1567410630.039370536804199
1567410630.240026712417603
1567410630.440170049667358
1567410630.640326738357544
1567410630.840541362762451
1567410631.041702508926392
1567410631.241802692413330
1567410631.443531513214111
1567410631.645046472549438
1567410631.845018148422241
1567410632.044778823852539
1567410632.346299648284912
1567410632.546114444732666
1567410632.748227834701538
1567410633.048337697982788
1567410633.347888231277466
1567410633.639987230300903
1567410634.039952754974365
1567410634.240408897399902
1567410634.440253257751465
1567410634.640238761901855
1567410634.940228462219238
1567410635.240805149078369
1567410635.641714096069336
1567410636.142093896865845
1567410636.543250083923340
1567410636.742547750473022
1567410637.043474197387695
1567410637.243046760559082
1567410637.443457126617432
1567410637.643504381179810
1567410637.943232536315918
1567410638.143513441085815
1567410638.445084333419800
1567410638.645222663879395
1567410638.844947099685669
1567410639.046307325363159
1567410639.247839450836182
1567410639.448010206222534
1567410639.639996528625488
1567410640.139693021774292
1567410640.343356609344482
1567410640.945322751998901
1567410641.146684646606445
1567410641.346304655075073
1567410641.546485900878906
1567410642.440752267837524
1567410642.640197515487671
1567410643.039849519729614
1567410643.239339351654053
1567410643.439772367477417
1567410643.640102624893188
1567410643.940183639526367
1567410644.239447116851807
1567410644.440763711929321
1567410644.640706062316895
1567410644.841792821884155
1567410645.041633367538452
1567410645.242837667465210
1567410645.543528795242310
1567410645.743676424026489
1567410645.943405151367188
1567410646.143220663070679
1567410646.343411922454834
1567410646.546186208724976
1567410646.839668035507202
1567410647.039766073226929
1567410647.340344905853271
1567410647.540168046951294
1567410647.941138029098511
1567410648.140182495117188
1567410648.340263843536377
1567410648.641967535018921
1567410648.843326807022095
1567410649.043210268020630
1567410649.246190547943115
1567410649.839975833892822
1567410650.139907598495483
1567410650.440281867980957
1567410650.840467691421509
1567410651.040071487426758
1567410651.239702939987183
1567410651.440341234207153
1567410651.640386581420898
1567410651.946731328964233
1567410652.146886348724365
1567410652.346705198287964
1567410652.546715497970581
1567410652.746318817138672
1567410653.346433639526367
1567410653.546496868133545
1567410653.747942209243774
1567410653.947349786758423
1567410654.148213863372803
1567410654.348172903060913
1567410654.747995138168335
1567410654.940010309219360
1567410655.539874553680420
1567410656.140429973602295
1567410656.541914701461792
1567410656.742011308670044
1567410657.142244577407837
1567410657.341980457305908
1567410657.543307304382324
1567410657.743348836898804
1567410658.146069526672363
1567410658.540280342102051
1567410658.740144014358521
1567410658.939133405685425
1567410659.541778802871704
1567410660.343318700790405
1567410660.644862174987793
1567410661.244889259338379
1567410661.445736646652222
1567410661.746495723724365
1567410661.948130607604980
1567410662.140422821044922
1567410662.439641952514648
1567410662.640130043029785
1567410663.140559673309326
1567410663.439729928970337
1567410663.640756130218506
1567410663.840579271316528
1567410664.041270971298218
1567410664.241874217987061
1567410664.441758394241333
1567410664.642029523849487
1567410664.942200899124146
1567410665.142249107360840
1567410665.443639039993286
1567410665.740418910980225
1567410665.940272331237793
1567410666.239943504333496
1567410666.440074920654297
1567410666.640274763107300
1567410666.840326309204102
1567410667.040823459625244
1567410667.240592956542969
1567410667.440076351165771
1567410667.640409946441650
1567410667.840062618255615
1567410668.039958715438843
1567410668.240074157714844
1567410668.640219688415527
1567410668.840494632720947
1567410669.040420055389404
1567410669.340157985687256
1567410669.639943361282349
1567410670.240459680557251
1567410670.439990758895874
1567410670.639731168746948
1567410670.940435647964478
1567410671.340058565139771
1567410671.540081262588501
1567410671.740118980407715
1567410671.939825057983398
1567410672.340568304061890
1567410672.740291357040405
1567410672.941850185394287
1567410673.148128509521484
1567410673.548081636428833
1567410674.239923715591431
1567410674.440024137496948
1567410674.640228509902954
1567410674.840589046478271
1567410675.039884090423584
1567410675.239971637725830
1567410675.440042495727539
1567410675.540303707122803
1567410675.740493297576904
1567410675.940606832504272
1567410676.040565252304077
1567410676.139791250228882
1567410676.339779615402222
1567410676.539955854415894
1567410676.639549255371094
1567410676.740615606307983
1567410676.942263126373291
1567410677.146371126174927
1567410677.346788406372070
1567410677.446938037872314
1567410677.648023843765259
1567410677.747866153717041
1567410678.048228025436401
1567410678.148356676101685
1567410678.248300790786743
1567410678.348034620285034
1567410678.447951555252075
1567410678.548192977905273
1567410678.648300170898438
1567410678.748464584350586
1567410678.848221540451050
1567410678.940454721450806
1567410679.040540695190430
1567410679.140376806259155
1567410679.240225791931152
1567410679.340252637863159
1567410679.440174341201782
1567410679.540043830871582
1567410679.640131473541260
1567410679.740277767181396
1567410680.040198564529419
1567410680.140202522277832
1567410680.240020513534546
1567410680.340075731277466
1567410680.439895391464233
1567410680.940424442291260
1567410681.140452384948730
1567410681.440932512283325
1567410681.540406942367554
1567410681.640434741973877
1567410681.740678548812866
1567410681.840555429458618
1567410682.040534973144531
1567410682.140608310699463
1567410682.240576744079590
1567410682.342084407806396
1567410682.442126274108887
1567410682.545228242874146
1567410682.646790504455566
1567410682.847944498062134
1567410682.948683023452759
1567410683.048558950424194
1567410683.248258352279663
1567410683.447988510131836
1567410683.540282011032104
1567410683.940584182739258
1567410684.140695333480835
1567410684.440396785736084
1567410685.140757083892822
1567410685.441884994506836
1567410685.644958972930908
1567410685.844712257385254
1567410686.045322418212891
1567410686.245251417160034
1567410686.445009708404541
1567410686.644898653030396
1567410686.946660041809082
1567410687.148097753524780
1567410687.348296642303467
1567410687.540552616119385
1567410687.740274906158447
1567410687.940242290496826
1567410688.340348720550537
1567410688.640504837036133
1567410689.140733003616333
1567410689.341573238372803
1567410689.842782020568848
1567410690.143439054489136
1567410690.343750715255737
1567410690.545398712158203
1567410690.740383625030518
1567410690.942152500152588
1567410691.143792152404785
1567410691.343361616134644
1567410691.545089721679688
1567410691.845000505447388
1567410692.244964122772217
1567410692.445034742355347
1567410692.644968986511230
1567410693.045068025588989
1567410693.842141866683960
1567410694.443922519683838
1567410694.843761682510376
1567410695.143927812576294
1567410695.343753576278687
1567410695.643512248992920
1567410695.845058441162109
1567410696.040364742279053
1567410696.440279960632324
1567410696.840610980987549
1567410697.040052175521851
1567410697.240279912948608
1567410697.940281391143799
1567410698.140286922454834
1567410698.340322732925415
1567410698.640771627426147
1567410698.840387105941772
1567410699.039811134338379
1567410699.240418910980225
1567410699.440784692764282
1567410699.640545129776001
1567410699.840276956558228
1567410700.142004489898682
1567410700.343742609024048
1567410700.543602466583252
1567410700.744085788726807
1567410700.943963766098022
1567410701.144140481948853
1567410701.343781232833862
1567410701.543450832366943
1567410701.745599269866943
1567410701.945471763610840
1567410702.147093772888184
1567410702.347131729125977
1567410702.546688556671143
1567410702.747251272201538
1567410702.948585987091064
1567410703.148669481277466
1567410703.640610456466675
1567410703.940556049346924
1567410704.440717935562134
1567410704.642188549041748
1567410705.140656471252441
1567410705.640794277191162
1567410706.043364286422729
1567410706.243827104568481
1567410706.445439338684082
1567410706.645500659942627
1567410706.847173452377319
1567410707.346821784973145
1567410707.746784925460815
1567410708.046999216079712
1567410708.246810913085938
1567410708.446789264678955
1567410708.946768045425415
1567410709.246750831604004
1567410709.448584556579590
1567410709.648343324661255
1567410709.848185777664185
1567410710.140420198440552
1567410710.340699195861816
1567410710.540537834167480
1567410710.840337753295898
1567410711.239902973175049
1567410711.540463924407959
1567410711.740414619445801
1567410712.040190696716309
1567410712.239689111709595
1567410712.440020084381104
1567410712.840765714645386
1567410713.040812730789185
1567410713.240543127059937
1567410713.440326452255249
1567410713.739708423614502
1567410713.940030574798584
1567410714.140025377273560
1567410714.340339899063110
1567410714.540667295455933
1567410714.739805698394775
1567410714.940389156341553
1567410715.140356063842773
1567410715.340499401092529
1567410715.540549993515015
1567410715.739967346191406
1567410716.040347099304199
1567410716.541987657546997
1567410716.741346597671509
1567410716.942197322845459
1567410717.142099618911743
1567410717.442060947418213
1567410717.643770694732666
1567410717.944923877716064
1567410718.144854545593262
1567410718.344973325729370
1567410718.545083761215210
1567410718.744694948196411
1567410718.945523738861084
1567410719.146379947662354
1567410719.547805786132812
1567410719.748011112213135
1567410720.048200368881226
1567410720.248200893402100
1567410720.448167324066162
1567410720.840501070022583
1567410721.240469217300415
1567410721.543039083480835
1567410721.940838098526001
1567410722.142178773880005
1567410722.443831920623779
1567410722.643416166305542
1567410722.843425750732422
1567410723.048080444335938
1567410723.247984409332275
1567410723.647780179977417
1567410723.848024368286133
1567410724.048215627670288
1567410724.248239040374756
1567410724.448085784912109
1567410724.648167610168457
1567410724.839926481246948
1567410725.140094280242920
1567410725.442388772964478
1567410725.842067956924438
1567410726.141946554183960
1567410726.344977378845215
1567410726.644905805587769
1567410726.945698976516724
1567410727.346663475036621
1567410727.646672725677490
1567410727.947334289550781
1567410728.240353107452393
1567410728.440190792083740
1567410728.640208482742310
1567410728.840164184570312
1567410729.140100002288818
1567410729.340342998504639
1567410729.541833639144897
1567410729.741806030273438
1567410729.943474769592285
1567410730.143573522567749
1567410730.343343973159790
1567410730.543483972549438
1567410730.743427038192749
1567410730.943079948425293
1567410731.145366430282593
1567410731.346359968185425
1567410731.648020744323730
1567410732.040117979049683
1567410732.340431690216064
1567410732.541692018508911
1567410732.741847991943359
1567410732.944594383239746
1567410733.144798517227173
1567410733.446124076843262
1567410733.646692752838135
1567410734.039697408676147
1567410734.339656114578247
1567410734.539961576461792
1567410734.739794492721558
1567410734.939920663833618
1567410735.139972448348999
1567410735.339878559112549
1567410735.539707899093628
1567410735.740609169006348
1567410736.040492773056030
1567410736.242079734802246
1567410736.642331361770630
1567410736.942771673202515
1567410737.245982646942139
1567410737.445875167846680
1567410737.948082685470581
1567410738.439735412597656
1567410738.639765024185181
1567410738.939918279647827
1567410739.140310525894165
1567410739.340002536773682
1567410739.640120983123779
1567410740.040151596069336
1567410740.239733695983887
1567410740.439142942428589
1567410740.639801502227783
1567410740.839988470077515
1567410741.040159225463867
1567410741.240066289901733
1567410741.639469146728516
1567410741.839659690856934
1567410742.243293762207031
1567410742.443228006362915
1567410742.744758129119873
1567410743.044435977935791
1567410743.244443178176880
1567410743.444594860076904
1567410743.644087791442871
1567410743.846047163009644
1567410744.046103954315186
1567410744.245820999145508
1567410744.446057319641113
1567410744.646294593811035
1567410744.846309900283813
1567410745.047784090042114
1567410745.247276544570923
1567410745.439324140548706
1567410745.639133930206299
1567410745.839529037475586
1567410746.039526224136353
1567410746.239912271499634
1567410746.443028211593628
1567410746.642946243286133
1567410746.944582939147949
1567410747.143963336944580
1567410747.445696830749512
1567410747.645147562026978
1567410747.846215486526489
1567410748.247784376144409
1567410748.441594123840332
1567410748.844546556472778
1567410749.044593334197998
1567410749.246309280395508
1567410749.446146249771118
1567410749.646011352539062
1567410750.245916366577148
1567410750.446234226226807
1567410750.646153688430786
1567410751.245536327362061
1567410752.139119863510132
1567410752.639495372772217
1567410752.840016841888428
1567410753.340287685394287
1567410753.539967060089111
1567410753.739782571792603
1567410753.939871311187744
1567410754.239708423614502
1567410754.940018892288208
1567410755.140018224716187
1567410755.439786911010742
1567410755.639642000198364
1567410755.939578056335449
1567410756.139951467514038
1567410756.739801406860352
1567410756.939743041992188
1567410757.139615058898926
1567410757.339870214462280
1567410757.439522743225098
1567410757.739714622497559
1567410757.839841127395630
1567410757.939720630645752
1567410758.039851665496826
1567410758.138828516006470
1567410758.239627599716187
1567410758.339435338973999
1567410758.439632654190063
1567410758.539666891098022
1567410758.639523744583130
1567410758.740932703018188
1567410758.841227293014526
1567410758.940848588943481
1567410759.042284250259399
1567410759.142325401306152
1567410759.242393016815186
1567410759.542731761932373
1567410759.642693281173706
1567410759.742554903030396
1567410759.842673778533936
1567410760.141763925552368
1567410760.242308616638184
1567410760.442239522933960
1567410760.542407512664795
1567410760.642594814300537
1567410760.842538595199585
1567410760.942810535430908
1567410761.044300079345703
1567410761.244342803955078
1567410761.345558881759644
1567410761.444622993469238
1567410761.744463205337524
1567410762.145603179931641
1567410762.345750570297241
1567410762.745412111282349
1567410762.945687294006348
1567410763.439472675323486
1567410764.039899349212646
1567410764.239554882049561
1567410764.640792846679688
1567410764.843766450881958
1567410765.144111156463623
1567410765.346507072448730
1567410765.547101736068726
1567410765.838742733001709
1567410766.239302158355713
1567410766.838861227035522
1567410767.539662361145020
1567410768.039668083190918
1567410768.342662811279297
1567410768.742587566375732
1567410768.942798614501953
1567410769.142754793167114
1567410769.442486763000488
1567410769.642522335052490
1567410769.842791795730591
1567410770.145871162414551
1567410770.546845197677612
1567410770.847039937973022
1567410771.047112226486206
1567410771.246885299682617
1567410771.646960973739624
1567410771.846962928771973
1567410772.039104461669922
1567410772.338169574737549
1567410772.739247798919678
1567410773.339326381683350
1567410773.539297103881836
1567410774.038880109786987
1567410774.239496469497681
1567410774.439790964126587
1567410774.641106128692627
1567410775.042355298995972
1567410775.245221853256226
1567410775.445583581924438
1567410775.647129058837891
1567410775.839056730270386
1567410776.038613557815552
1567410776.238852500915527
1567410776.538920879364014
1567410777.139057159423828
1567410777.439109563827515
1567410777.639666080474854
1567410778.139028787612915
1567410778.338896274566650
1567410778.539010286331177
1567410778.739884853363037
1567410778.942113637924194
1567410779.142282009124756
1567410779.444136142730713
1567410779.743756771087646
1567410780.043629646301270
1567410780.245359659194946
1567410780.544872999191284
1567410780.746772050857544
1567410780.938987493515015
1567410781.538256168365479
1567410781.938902854919434
1567410782.139092922210693
1567410782.339121103286743
1567410782.840898036956787
1567410783.040330648422241
1567410783.241056680679321
1567410783.440890550613403
1567410783.640859603881836
1567410783.840842247009277
1567410784.042191982269287
1567410784.244005203247070
1567410784.447035312652588
1567410785.139075279235840
1567410786.039646387100220
1567410786.440551280975342
1567410786.640718698501587
1567410786.840680599212646
1567410787.141047954559326
1567410787.640825033187866
1567410787.840836048126221
1567410788.140638828277588
1567410788.340708255767822
1567410788.540730476379395
1567410788.940796375274658
1567410789.140789747238159
1567410789.340800762176514
1567410789.541022539138794
1567410789.740412235260010
1567410790.142127275466919
1567410790.443716287612915
1567410790.643534898757935
1567410790.843771219253540
1567410791.043760538101196
1567410791.446887493133545
1567410791.839012384414673
1567410792.038872003555298
1567410792.239005804061890
1567410792.439823389053345
1567410792.638957977294922
1567410792.839111328125000
1567410793.138788461685181
1567410793.439766168594360
1567410793.738993644714355
1567410794.139447212219238
1567410794.638894319534302
1567410795.240870237350464
1567410795.740777015686035
1567410795.940465927124023
1567410796.140253543853760
1567410796.442096948623657
1567410796.643595933914185
1567410797.244846343994141
1567410797.445024728775024
1567410797.846399307250977
1567410798.046474933624268
1567410798.546976804733276
1567410798.846649169921875
1567410799.146756649017334
1567410799.346690416336060
1567410799.546978473663330
1567410799.846673965454102
1567410800.146815061569214
1567410800.438876152038574
1567410800.639264822006226
1567410800.839206695556641
1567410801.039152860641479
1567410801.239151000976562
1567410801.438912868499756
1567410801.638823270797729
1567410801.838732004165649
1567410802.038900136947632
1567410802.243739128112793
1567410802.443042516708374
1567410802.643354654312134
1567410802.843621492385864
1567410803.043568134307861
1567410803.242785215377808
1567410803.644854545593262
1567410803.845078229904175
1567410804.045255184173584
1567410804.345147371292114
1567410804.544955253601074
1567410805.138623237609863
1567410805.338992834091187
1567410805.638708591461182
1567410805.838389396667480
1567410806.240487098693848
1567410806.540806293487549
1567410806.740710973739624
1567410806.940083503723145
1567410807.343473911285400
1567410807.543427228927612
1567410807.743444204330444
1567410807.943423986434937
1567410808.243937969207764
1567410808.443826913833618
1567410808.845022439956665
1567410809.645023345947266
1567410809.845030546188354
1567410810.145809650421143
1567410810.344969272613525
1567410810.544875621795654
1567410810.738600492477417
1567410811.039172172546387
1567410811.239146471023560
1567410811.440046787261963
1567410811.641205549240112
1567410811.841153860092163
1567410812.140778541564941
1567410812.440430641174316
1567410812.643158435821533
1567410812.943560600280762
1567410813.143644571304321
1567410813.343785047531128
1567410813.543766260147095
1567410813.743661165237427
1567410813.943059682846069
1567410814.043534994125366
1567410814.243555068969727
1567410814.343806982040405
1567410814.443062543869019
1567410814.543844461441040
1567410814.643664598464966
1567410814.743766307830811
1567410814.843880653381348
1567410814.943691730499268
1567410815.043637752532959
1567410815.145129919052124
1567410815.346771717071533
1567410815.446166276931763
1567410815.546782732009888
1567410815.646680116653442
1567410815.746712923049927
1567410815.846646547317505
1567410815.938411712646484
1567410816.038823366165161
1567410816.139120817184448
1567410816.239056825637817
1567410816.338745117187500
1567410816.438220739364624
1567410816.539088487625122
1567410816.738916158676147
1567410817.038941144943237
1567410817.438367128372192
1567410817.740674734115601
1567410817.939891099929810
1567410818.140486001968384
1567410818.340759754180908
1567410818.545213937759399
1567410818.845197200775146
1567410819.146901845932007
1567410819.346741199493408
1567410819.546593904495239
1567410819.846434116363525
1567410820.046678781509399
1567410820.246850728988647
1567410820.446656942367554
1567410820.738900661468506
1567410820.939032316207886
1567410821.139030218124390
1567410821.338776826858521
1567410821.538964748382568
1567410821.739040851593018
1567410821.940581798553467
1567410822.140747070312500
1567410822.343449831008911
1567410822.543487310409546
1567410822.843419075012207
1567410823.043571710586548
1567410823.243536710739136
1567410823.443671703338623
1567410823.643094778060913
1567410824.044772624969482
1567410824.644947767257690
1567410824.845121383666992
1567410825.045181035995483
1567410826.440546274185181
1567410826.842118978500366
1567410827.144362449645996
1567410827.346738576889038
1567410827.638444662094116
1567410827.838756322860718
1567410828.038906812667847
1567410828.238841056823730
1567410828.438399314880371
1567410829.038815975189209
1567410829.238664150238037
1567410829.838690757751465
1567410830.040206193923950
1567410830.640197277069092
1567410830.840641975402832
1567410831.139609098434448
1567410831.340736865997314
1567410831.540366411209106
1567410831.740358591079712
1567410831.940119743347168
1567410832.139658212661743
1567410832.340374708175659
1567410832.540343046188354
1567410832.740434646606445
1567410832.943251371383667
1567410833.144485473632812
1567410833.446123123168945
1567410833.646221399307251
1567410833.846601009368896
1567410834.046370267868042
1567410834.246024608612061
1567410834.446205615997314
1567410834.746074676513672
1567410834.946232795715332
1567410835.146074056625366
1567410835.446328401565552
1567410835.645842790603638
1567410835.845657587051392
1567410836.045789718627930
1567410836.238017082214355
1567410836.538113832473755
1567410836.738208055496216
1567410836.938206434249878
1567410837.138334035873413
1567410837.438194751739502
1567410837.738265275955200
1567410837.938291549682617
1567410838.138476848602295
1567410838.338937520980835
1567410838.546013355255127
1567410838.745883941650391
1567410838.945828676223755
1567410839.246092319488525
1567410839.446259737014771
1567410839.638349533081055
1567410839.838345289230347
1567410840.038224697113037
1567410840.238412618637085
1567410840.638366937637329
1567410840.837840557098389
1567410841.338279962539673
1567410841.637853384017944
1567410841.938011169433594
1567410842.238092184066772
1567410842.438397645950317
1567410842.637886285781860
1567410842.838595867156982
1567410843.638230562210083
1567410844.138312339782715
1567410844.339549303054810
1567410844.540024280548096
1567410844.739726066589355
1567410845.039220333099365
1567410845.241194009780884
1567410845.741309881210327
1567410845.941143035888672
1567410846.142528295516968
1567410846.342089891433716
1567410846.544502496719360
1567410846.843863725662231
1567410847.144336223602295
1567410847.337947607040405
1567410847.639742612838745
1567410847.839824676513672
1567410848.342897891998291
1567410848.545043706893921
1567410848.744256496429443
1567410849.146082878112793
1567410849.337670326232910
1567410849.538776397705078
1567410849.737927913665771
1567410849.937718868255615
1567410850.338135719299316
1567410850.539508581161499
1567410850.738169193267822
1567410851.139776229858398
1567410851.439987897872925
1567410851.639991044998169
1567410851.838890790939331
1567410852.239680767059326
1567410852.439717054367065
1567410852.639869451522827
1567410852.939354419708252
1567410853.139796733856201
1567410853.339892625808716
1567410853.641108036041260
1567410853.941216230392456
1567410854.142866134643555
1567410854.544180393218994
1567410854.745484590530396
1567410854.944017887115479
1567410855.144254922866821
1567410855.344566106796265
1567410855.644313573837280
1567410856.147303342819214
1567410856.337937116622925
1567410856.537909746170044
1567410857.437799930572510
1567410857.638502359390259
1567410857.838412523269653
1567410858.239517450332642
1567410858.439899682998657
1567410858.739658832550049
1567410858.941405296325684
1567410859.141472101211548
1567410859.341127395629883
1567410859.540069341659546
1567410859.940998315811157
1567410860.340985298156738
1567410860.541078567504883
1567410860.941287279129028
1567410861.643231153488159
1567410861.842820882797241
1567410862.243868112564087
1567410862.544007778167725
1567410862.844015359878540
1567410863.245465517044067
1567410863.537976980209351
1567410863.838248252868652
1567410864.138079643249512
1567410864.539403915405273
1567410864.939445257186890
1567410865.342689990997314
1567410865.745801210403442
1567410866.137710571289062
1567410866.537773370742798
1567410867.139622211456299
1567410867.639587879180908
1567410867.939455747604370
1567410868.239510536193848
1567410868.541028976440430
1567410868.844210386276245
1567410869.143828392028809
1567410869.744578361511230
1567410869.944265842437744
1567410870.244175910949707
1567410870.743960857391357
1567410871.045536041259766
1567410871.246000051498413
1567410871.437575101852417
1567410871.737368822097778
1567410871.937552928924561
1567410872.237865447998047
1567410872.437545299530029
1567410872.637612342834473
1567410872.837494373321533
1567410873.037082433700562
1567410873.237494230270386
1567410873.437638998031616
1567410873.737881183624268
1567410873.937556743621826
1567410874.137792110443115
1567410874.337631464004517
1567410874.539426326751709
1567410874.939209461212158
1567410875.143745183944702
1567410875.343874454498291
1567410875.545427560806274
1567410875.745417833328247
1567410876.037523746490479
1567410876.437801122665405
1567410876.837243080139160
1567410877.037325859069824
1567410877.237840890884399
1567410877.439175128936768
1567410877.739511251449585
1567410878.039437294006348
1567410878.239347696304321
1567410878.437603235244751
1567410878.637454986572266
1567410878.937427043914795
1567410879.137377023696899
1567410879.539399147033691
1567410879.739474534988403
1567410880.038427114486694
1567410880.239022731781006
1567410880.439203262329102
1567410880.942166566848755
1567410881.542490482330322
1567410881.742372751235962
1567410882.142115354537964
1567410882.341889858245850
1567410882.542084455490112
1567410882.741780996322632
1567410882.942429542541504
1567410883.142926692962646
1567410883.342326164245605
1567410883.537750244140625
1567410883.839043140411377
1567410884.039436340332031
1567410884.239131689071655
1567410884.539277553558350
1567410884.740705966949463
1567410884.940840721130371
1567410885.140820264816284
1567410885.340793371200562
1567410885.540608882904053
1567410885.741848468780518
1567410885.942636489868164
1567410886.241611957550049
1567410886.542341470718384
1567410886.741553306579590
1567410886.942671775817871
1567410887.242291450500488
1567410887.642150402069092
1567410887.842281103134155
1567410888.142496109008789
1567410888.342650413513184
1567410888.542633056640625
1567410888.742151260375977
1567410888.941823005676270
1567410889.141754388809204
1567410889.342230081558228
1567410889.542409420013428
1567410889.742192029953003
1567410890.141993284225464
1567410890.642067909240723
1567410890.842203140258789
1567410891.042323827743530
1567410891.242079257965088
1567410891.442450761795044
1567410891.742101907730103
1567410891.942044019699097
1567410892.142071962356567
1567410892.342216730117798
1567410892.541947126388550
1567410892.741774082183838
1567410892.942112445831299
1567410893.142217874526978
1567410893.441557645797729
1567410893.643118381500244
1567410893.944934368133545
1567410894.144850254058838
1567410894.337218761444092
1567410894.637214422225952
1567410894.837232351303101
1567410895.037088394165039
1567410895.238781690597534
1567410895.439309358596802
1567410895.638931989669800
1567410895.938626050949097
1567410896.138586997985840
1567410896.338735342025757
1567410896.545031309127808
1567410896.745061397552490
1567410897.144824981689453
1567410897.344951629638672
1567410897.537337303161621
1567410897.736890316009521
1567410897.936922311782837
1567410898.237313270568848
1567410898.437264204025269
1567410898.937135457992554
1567410899.337237358093262
1567410899.537099599838257
1567410899.936737537384033
1567410900.136882066726685
1567410900.536999702453613
1567410900.736840963363647
1567410900.936345338821411
1567410901.237392187118530
1567410901.537429332733154
1567410901.837298631668091
1567410902.037411212921143
1567410902.237428903579712
1567410902.438244104385376
1567410902.640377283096313
1567410902.940184116363525
1567410903.240535736083984
1567410903.642264604568481
1567410903.841972827911377
1567410904.142483711242676
1567410904.443669795989990
1567410904.743123054504395
1567410904.944324016571045
1567410905.346392869949341
1567410905.537115812301636
1567410905.736999273300171
1567410906.037023305892944
1567410906.237039327621460
1567410906.437045335769653
1567410906.636943578720093
1567410906.837482929229736
1567410907.037555932998657
1567410907.237349748611450
1567410907.436834096908569
1567410907.637447118759155
1567410907.838651180267334
1567410908.040116071701050
1567410908.239903450012207
1567410908.439135551452637
1567410908.640826940536499
1567410908.840842247009277
1567410909.142213582992554
1567410909.441629886627197
1567410909.643992662429810
1567410909.843537092208862
1567410910.043918848037720
1567410910.943507909774780
1567410911.543323755264282
1567410911.745167255401611
1567410911.945114612579346
1567410912.138864755630493
1567410912.437289714813232
1567410912.637714862823486
1567410912.837402582168579
1567410913.037222862243652
1567410913.237323760986328
1567410913.437219142913818
1567410913.637676715850830
1567410913.837182044982910
1567410914.037330389022827
1567410914.237306833267212
1567410914.437386751174927
1567410914.638871669769287
1567410914.838842153549194
1567410915.038689851760864
1567410915.438951492309570
1567410915.736912012100220
1567410915.936155080795288
1567410916.137146472930908
1567410916.637130975723267
1567410916.937274932861328
1567410917.137475252151489
1567410917.338904142379761
1567410917.538907766342163
1567410917.741981983184814
1567410917.941896200180054
1567410918.141393661499023
1567410918.343510627746582
1567410918.642934083938599
1567410918.843197345733643
1567410919.136611938476562
1567410919.336660623550415
1567410919.536934375762939
1567410919.737212657928467
1567410919.937449455261230
1567410920.138339042663574
1567410920.638755083084106
1567410920.838819742202759
1567410921.038828849792480
1567410921.239048719406128
1567410921.438894510269165
1567410921.638863325119019
1567410921.838679075241089
1567410922.138181209564209
1567410922.338445425033569
1567410922.538149833679199
1567410922.738190650939941
1567410922.939063072204590
1567410923.139998912811279
1567410923.539699316024780
1567410923.842498064041138
1567410924.244930267333984
1567410924.744706153869629
1567410925.237029314041138
1567410925.437120437622070
1567410926.037220001220703
1567410926.437298774719238
1567410926.737205743789673
1567410927.644284963607788
1567410928.537102699279785
1567410928.836845397949219
1567410929.036783933639526
1567410929.337076902389526
1567410929.737060546875000
1567410930.037118434906006
1567410930.438467264175415
1567410930.841009855270386
1567410931.041571378707886
1567410931.236931324005127
1567410931.436949968338013
1567410931.636889457702637
1567410932.136765241622925
1567410932.336829185485840
1567410932.536818265914917
1567410932.837738037109375
1567410933.037190198898315
1567410933.236969709396362
1567410933.436882734298706
1567410933.637181282043457
1567410933.837510824203491
1567410934.038781642913818
1567410934.537323236465454
1567410934.837299823760986
1567410935.237030029296875
1567410935.436677455902100
1567410936.140311717987061
1567410936.540367364883423
1567410936.939946174621582
1567410937.439972162246704
1567410937.740149021148682
1567410938.140367031097412
1567410938.639911890029907
1567410938.939920902252197
1567410939.339935541152954
1567410939.539900064468384
1567410940.042144060134888
1567410940.741943359375000
1567410940.941391944885254
1567410941.141379356384277
1567410941.341317892074585
1567410941.546084880828857
1567410941.744436740875244
1567410941.936671972274780
1567410942.136351346969604
1567410942.335778236389160
1567410942.536950588226318
1567410942.936823129653931
1567410943.136862516403198
1567410943.336941003799438
1567410943.636917352676392
1567410943.836328268051147
1567410944.038740158081055
1567410944.238865613937378
1567410944.438401222229004
1567410944.638380289077759
1567410944.940202474594116
1567410945.140211820602417
1567410945.340022802352905
1567410945.541390180587769
1567410945.842460393905640
1567410946.043280601501465
1567410946.243166685104370
1567410946.442964792251587
1567410946.642930269241333
1567410946.843369960784912
1567410947.043025732040405
1567410947.344442129135132
1567410947.544771671295166
1567410947.744683027267456
1567410947.944567203521729
1567410948.137001991271973
1567410948.536492824554443
1567410948.836984872817993
1567410949.036642789840698
1567410949.336939811706543
1567410949.736654996871948
1567410950.036963701248169
1567410950.236642837524414
1567410950.436606884002686
1567410950.636593103408813
1567410950.937238216400146
1567410951.336879253387451
1567410951.736706256866455
1567410952.136954545974731
1567410952.537075042724609
1567410952.838682413101196
1567410953.241500854492188
1567410953.641498565673828
1567410954.136626958847046
1567410954.636452198028564
1567410954.937063932418823
1567410955.336731195449829
1567410955.736861228942871
1567410956.036270141601562
1567410956.738350152969360
1567410957.439842224121094
1567410957.743419647216797
1567410958.044170141220093
1567410958.436688899993896
1567410958.636744976043701
1567410959.136837482452393
1567410959.336703062057495
1567410959.636878013610840
1567410959.836937427520752
1567410960.036309003829956
1567410960.236992359161377
1567410960.436755180358887
1567410960.736954212188721
1567410960.936782360076904
1567410961.238070726394653
1567410961.438085079193115
1567410961.640043735504150
1567410961.836675643920898
1567410962.136922121047974
1567410962.336878299713135
1567410962.536157608032227
1567410962.737347364425659
1567410963.035959482192993
1567410963.237257957458496
1567410963.636241436004639
1567410963.836121559143066
1567410964.237010478973389
1567410964.441647052764893
1567410964.644451379776001
1567410964.836341619491577
1567410965.035788297653198
1567410965.236444234848022
1567410965.436679601669312
1567410965.636917591094971
1567410965.837004661560059
1567410966.036235332489014
1567410966.236400127410889
1567410966.437170743942261
1567410966.636723279953003
1567410967.036080121994019
1567410967.236707687377930
1567410967.436736583709717
1567410967.636768579483032
1567410968.043284416198730
1567410968.442754030227661
1567410968.642713069915771
1567410968.842805862426758
1567410969.136747837066650
1567410969.336853265762329
1567410969.537002086639404
1567410969.736605882644653
1567410969.936376571655273
1567410970.136425256729126
1567410970.736408948898315
1567410970.936986684799194
1567410971.238743543624878
1567410971.438675642013550
1567410971.638424634933472
1567410972.042896032333374
1567410972.842983007431030
1567410973.042459249496460
1567410973.243021249771118
1567410973.542293310165405
1567410973.742787361145020
1567410973.942930936813354
1567410974.142775297164917
1567410974.442424058914185
1567410974.642547607421875
1567410974.842805385589600
1567410975.043012142181396
1567410975.243335723876953
1567410975.443021059036255
1567410975.736570835113525
1567410976.236396074295044
1567410976.537059307098389
1567410976.738724708557129
1567410977.238556146621704
1567410977.841338634490967
1567410978.041221618652344
1567410978.242573738098145
1567410978.842763662338257
1567410979.044219970703125
1567410980.136582851409912
1567410980.336555957794189
1567410980.636351585388184
1567410980.836737394332886
1567410981.037964820861816
1567410981.239593982696533
1567410981.539949655532837
1567410981.842978239059448
1567410982.238204956054688
1567410982.538572311401367
1567410982.738593101501465
1567410983.237932443618774
1567410983.438507795333862
1567410983.638730049133301
1567410983.838680505752563
1567410984.138612270355225
1567410984.338299751281738
1567410985.039922475814819
1567410985.240873813629150
1567410985.441265344619751
1567410985.636400222778320
1567410985.836570262908936
1567410986.438561439514160
1567410986.738014936447144
1567410988.243020296096802
1567410988.443745374679565
1567410988.743048667907715
1567410988.943472385406494
1567410989.243011236190796
1567410989.643054246902466
1567410989.843189954757690
1567410990.043016910552979
1567410990.342964649200439
1567410990.543373823165894
1567410990.843341350555420
1567410991.043488025665283
1567410991.242526531219482
1567410991.443258523941040
1567410991.842952013015747
1567410992.043130159378052
1567410992.243018865585327
1567410992.443275451660156
1567410992.843219757080078
1567410993.044704437255859
1567410993.237095117568970
1567410993.538306236267090
1567410993.938963174819946
1567410994.138462066650391
1567410994.338571786880493
1567410994.538501262664795
1567410994.738532781600952
1567410994.939163446426392
1567410995.338824033737183
1567410995.538833856582642
1567410995.838445901870728
1567410996.038352727890015
1567410996.237558841705322
1567410996.438855648040771
1567410996.738910436630249
1567410996.938474893569946
1567410997.138540744781494
1567410997.439109325408936
1567410997.738527059555054
1567410998.038587093353271
1567410998.340182542800903
1567410998.641629457473755
1567410998.942974090576172
1567410999.237101078033447
1567410999.538752317428589
1567410999.943013191223145
1567411000.242652416229248
1567411000.542986392974854
1567411000.942442417144775
1567411001.238464355468750
1567411001.941414117813110
1567411002.243003845214844
1567411002.542884111404419
1567411002.842984676361084
1567411003.244303941726685
1567411003.444590091705322
1567411003.636995553970337
1567411003.840250015258789
1567411004.040247440338135
1567411004.339888811111450
1567411004.539778232574463
1567411004.839626312255859
1567411005.042621135711670
1567411005.242940425872803
1567411005.442687273025513
1567411005.742961406707764
1567411005.943928480148315
1567411006.144605398178101
1567411006.537184476852417
1567411006.737091302871704
1567411007.037002801895142
1567411007.239893198013306
1567411007.440768241882324
1567411007.641232967376709
1567411007.841453313827515
1567411008.142702579498291
1567411008.344095468521118
1567411008.544204711914062
1567411008.736480236053467
1567411008.936058521270752
1567411009.136796474456787
1567411009.538151502609253
1567411010.336410522460938
1567411010.536823272705078
1567411010.936433553695679
1567411011.437915086746216
1567411011.639646530151367
1567411011.838187694549561
1567411012.038111925125122
1567411012.541584968566895
1567411012.741439819335938
1567411012.940746307373047
1567411013.142893791198730
1567411013.343154907226562
1567411013.543468713760376
1567411013.742669105529785
1567411013.942403316497803
1567411014.142743587493896
1567411014.336297512054443
1567411014.536333799362183
1567411014.736350536346436
1567411014.936719655990601
1567411015.136902570724487
1567411015.436319828033447
1567411015.736600637435913
1567411015.936455249786377
1567411016.236441135406494
1567411016.436738729476929
1567411016.636756896972656
1567411016.836773157119751
1567411017.036809206008911
1567411017.236865997314453
1567411017.436804294586182
1567411017.836728334426880
1567411018.136408329010010
1567411018.338066577911377
1567411018.539375305175781
1567411018.836613893508911
1567411019.037013769149780
1567411019.337013244628906
1567411019.636698484420776
1567411019.942108154296875
1567411020.136603593826294
1567411020.336494445800781
1567411020.536836385726929
1567411020.736479759216309
1567411020.935683250427246
1567411021.537964105606079
1567411021.841220140457153
1567411022.144504547119141
1567411023.537405490875244
1567411023.737606287002563
1567411024.439534187316895
1567411024.741110324859619
1567411025.042497634887695
1567411025.242471218109131
1567411025.843820095062256
1567411026.339753866195679
1567411026.640546083450317
1567411027.742699623107910
1567411028.242491245269775
1567411028.642463445663452
1567411029.442589759826660
1567411029.836087703704834
1567411030.136128664016724
1567411030.835875749588013
1567411031.536435127258301
1567411031.836594581604004
1567411032.137757301330566
1567411032.338256597518921
1567411032.538034677505493
1567411032.742564439773560
1567411032.942354202270508
1567411033.344125270843506
1567411033.537631034851074
1567411033.736126422882080
1567411033.936312913894653
1567411034.136187076568604
1567411034.337030649185181
1567411034.538009405136108
1567411034.836195230484009
1567411035.035821676254272
1567411035.436105012893677
1567411035.635585546493530
1567411036.238064289093018
1567411036.539467573165894
1567411036.739377260208130
1567411037.138422727584839
1567411037.439406633377075
1567411037.639593124389648
1567411037.839466094970703
1567411038.139470100402832
1567411038.339659929275513
1567411038.539479017257690
1567411038.739434003829956
1567411039.040898084640503
1567411039.240767240524292
1567411039.440634965896606
1567411039.640579223632812
1567411039.841188430786133
1567411040.141236305236816
1567411040.440842151641846
1567411041.236567258834839
1567411041.436385631561279
1567411041.836446285247803
1567411042.036416053771973
1567411042.236330509185791
1567411042.536154031753540
1567411042.836912393569946
1567411043.036113262176514
1567411043.336300849914551
1567411043.635244131088257
1567411043.935822963714600
1567411044.135684490203857
1567411044.336136102676392
1567411044.835955619812012
1567411045.136123418807983
1567411045.435483932495117
1567411046.137872695922852
1567411046.638002872467041
1567411046.940830945968628
1567411047.241113185882568
1567411047.640958309173584
1567411048.141743898391724
1567411048.542485713958740
1567411048.943764925003052
1567411049.735955953598022
1567411050.140910863876343
1567411050.540708541870117
1567411050.936193466186523
1567411051.237506389617920
1567411051.738985300064087
1567411052.140608549118042
1567411052.440432548522949
1567411052.740035533905029
1567411053.042091369628906
1567411053.341480255126953
1567411053.641780853271484
1567411053.941569805145264
1567411054.241989850997925
1567411054.542245864868164
1567411054.842180967330933
1567411055.141980648040771
1567411055.443564653396606
1567411055.743517398834229
1567411056.537448644638062
1567411056.837158203125000
1567411057.037494421005249
1567411057.538981437683105
1567411057.840442419052124
1567411058.135668754577637
1567411058.435921192169189
1567411058.835546255111694
1567411059.235636472702026
1567411059.636186599731445
1567411059.935927391052246
1567411060.335939645767212
1567411060.735860109329224
1567411061.235686540603638
1567411061.836041927337646
1567411062.636070489883423
