1567496037.253289222717285
1567496043.659343004226685
1567496044.459645032882690
1567496045.059726953506470
1567496045.559938669204712
1567496045.959678411483765
1567496046.359700202941895
1567496046.758983373641968
1567496047.059787750244141
1567496047.359715700149536
1567496047.659533739089966
1567496047.959913730621338
1567496048.259507417678833
1567496048.559691190719604
1567496048.859428882598877
1567496049.159604310989380
1567496049.460490703582764
1567496049.758886098861694
1567496050.053061723709106
1567496050.353332519531250
1567496050.653059482574463
1567496050.953531980514526
1567496051.252969741821289
1567496051.553025960922241
1567496051.853184700012207
1567496052.153254985809326
1567496052.353118658065796
1567496052.653211355209351
1567496052.858136177062988
1567496053.058188199996948
1567496053.257462978363037
1567496053.459166765213013
1567496053.657931566238403
1567496053.857789278030396
1567496054.057974576950073
1567496054.257952690124512
1567496054.458108901977539
1567496054.658125400543213
1567496054.858037471771240
1567496055.053157567977905
1567496055.253268003463745
1567496055.453196525573730
1567496055.653151035308838
1567496055.853130340576172
1567496056.053115844726562
1567496056.252654075622559
1567496056.452993869781494
1567496056.653103590011597
1567496056.853002071380615
1567496057.052953243255615
1567496057.252446889877319
1567496057.453021287918091
1567496057.653035402297974
1567496057.852967023849487
1567496058.052826642990112
1567496058.253057241439819
1567496058.453323364257812
1567496058.652724504470825
1567496058.852810859680176
1567496059.052958488464355
1567496059.252555370330811
1567496059.452835321426392
1567496059.652870893478394
1567496059.852659463882446
1567496060.052814960479736
1567496060.352900505065918
1567496060.652965545654297
1567496060.953087806701660
1567496061.252012968063354
1567496061.652978420257568
1567496062.152852535247803
1567496062.753127098083496
1567496063.552835226058960
1567496064.252911567687988
1567496064.853204250335693
1567496065.353101491928101
1567496065.752196550369263
1567496066.152914285659790
1567496066.453161954879761
1567496066.752385854721069
1567496067.152853012084961
1567496067.453171253204346
1567496067.752846479415894
1567496068.052865743637085
1567496068.452813148498535
1567496068.652762413024902
1567496068.852415561676025
1567496069.052418231964111
1567496069.252725362777710
1567496069.453080177307129
1567496069.652920007705688
1567496069.953024625778198
1567496070.153131723403931
1567496070.353088617324829
1567496070.653452873229980
1567496070.853235721588135
1567496071.053090333938599
1567496071.253129005432129
1567496071.454555749893188
1567496071.654701709747314
1567496071.854606151580811
1567496072.054384469985962
1567496072.254485845565796
1567496072.554667234420776
1567496072.754853725433350
1567496072.954485416412354
1567496073.154499053955078
1567496073.354560852050781
1567496073.554348707199097
1567496073.754501342773438
1567496073.953967571258545
1567496074.154525041580200
1567496074.354594230651855
1567496074.654299497604370
1567496074.854186058044434
1567496075.054243087768555
1567496075.254823446273804
1567496075.454293012619019
1567496075.654311180114746
1567496075.854669332504272
1567496076.054682016372681
1567496076.254210472106934
1567496076.453534126281738
1567496076.654420137405396
1567496076.854237794876099
1567496077.054290771484375
1567496077.254446268081665
1567496077.454209327697754
1567496077.654447317123413
1567496077.854133129119873
1567496078.054051399230957
1567496078.254001379013062
1567496078.454244375228882
1567496078.654090642929077
1567496078.854187726974487
1567496079.054163932800293
1567496079.255741119384766
1567496079.455361604690552
1567496079.655699491500854
1567496079.955843210220337
1567496080.155739307403564
1567496080.355607032775879
1567496080.855726242065430
1567496081.155641317367554
1567496081.355662107467651
1567496081.555868864059448
1567496081.756181955337524
1567496081.955509424209595
1567496082.355466604232788
1567496082.555628299713135
1567496082.756002902984619
1567496082.956003189086914
1567496083.156203269958496
1567496083.355884313583374
1567496083.555931806564331
1567496083.855804204940796
1567496084.055645465850830
1567496084.260280609130859
1567496084.560460329055786
1567496084.760413885116577
1567496084.959988117218018
1567496085.460166931152344
1567496085.660399198532104
1567496085.860293388366699
1567496086.160544157028198
1567496086.360276460647583
1567496086.660274982452393
1567496086.860393524169922
1567496087.060319900512695
1567496087.260286092758179
1567496087.459850549697876
1567496087.660056352615356
1567496087.860175371170044
1567496088.060440540313721
1567496088.260510921478271
1567496088.460090398788452
1567496089.060444355010986
1567496089.360349416732788
1567496089.560297250747681
1567496089.860134363174438
1567496090.060310125350952
1567496090.354378461837769
1567496090.554351806640625
1567496090.754376649856567
1567496090.954408407211304
1567496091.153992176055908
1567496091.354245662689209
1567496091.954405069351196
1567496092.154457807540894
1567496092.554214000701904
1567496092.954153776168823
1567496093.354378700256348
1567496093.554565906524658
1567496093.754238128662109
1567496094.154494047164917
1567496094.354434490203857
1567496094.554590940475464
1567496094.759124755859375
1567496094.959155082702637
1567496095.259082078933716
1567496095.458580017089844
1567496095.658692359924316
1567496096.058793067932129
1567496096.358995676040649
1567496096.658862590789795
1567496096.858758211135864
1567496097.158894062042236
1567496097.359150648117065
1567496097.858786106109619
1567496098.152597427368164
1567496098.352338075637817
1567496098.552854537963867
1567496098.752819776535034
1567496098.952695369720459
1567496099.152190208435059
1567496099.352441072463989
1567496099.552541732788086
1567496099.752469062805176
1567496099.952373504638672
1567496100.152330398559570
1567496100.352330207824707
1567496100.552592992782593
1567496100.752740383148193
1567496101.052697420120239
1567496101.252523660659790
1567496101.452453136444092
1567496101.652177095413208
1567496101.852446794509888
1567496102.052762985229492
1567496102.252715349197388
1567496102.452749490737915
1567496102.652511119842529
1567496102.852432727813721
1567496103.052234411239624
1567496103.252605438232422
1567496103.552520513534546
1567496103.752482652664185
1567496103.952483892440796
1567496104.152252912521362
1567496104.352409839630127
1567496104.552375078201294
1567496104.752696037292480
1567496105.152227401733398
1567496105.352489471435547
1567496105.552295923233032
1567496105.952040672302246
1567496106.252307891845703
1567496106.452292442321777
1567496106.652215719223022
1567496106.952557086944580
1567496107.151978969573975
1567496107.352252006530762
1567496107.552244186401367
1567496107.752839565277100
1567496107.952594995498657
1567496108.252328872680664
1567496108.452191114425659
1567496108.651769399642944
1567496108.852518081665039
1567496109.052376031875610
1567496109.252279758453369
1567496109.452596187591553
1567496109.852487087249756
1567496110.052765369415283
1567496110.352647066116333
1567496110.752238512039185
1567496110.952181577682495
1567496111.252340555191040
1567496111.552398920059204
1567496111.752340316772461
1567496111.952534198760986
1567496112.152009725570679
1567496112.352916002273560
1567496112.752563714981079
1567496112.952610969543457
1567496113.252537965774536
1567496113.452445745468140
1567496113.651766777038574
1567496113.852496385574341
1567496114.052639961242676
1567496114.252631902694702
1567496114.452625989913940
1567496114.752464294433594
1567496114.952472686767578
1567496115.252832174301147
1567496115.552755117416382
1567496115.853132724761963
1567496116.252948045730591
1567496116.452880144119263
1567496116.753154516220093
1567496116.952985763549805
1567496117.252673864364624
1567496117.452872037887573
1567496117.652236223220825
1567496117.853171825408936
1567496118.052935838699341
1567496118.253026247024536
1567496118.452997684478760
1567496118.652409791946411
1567496118.853069782257080
1567496119.152285814285278
1567496119.452674865722656
1567496119.752886056900024
1567496120.052744388580322
1567496120.352759122848511
1567496120.652183055877686
1567496121.053224563598633
1567496121.353058576583862
1567496121.652987241744995
1567496121.958831548690796
1567496122.458739042282104
1567496122.759062767028809
1567496122.959039449691772
1567496123.158747196197510
1567496123.459070444107056
1567496123.758788824081421
1567496123.958446025848389
1567496124.158628940582275
1567496124.458908319473267
1567496124.758988618850708
1567496125.058847427368164
1567496125.258844137191772
1567496125.458773136138916
1567496125.658774375915527
1567496125.958599090576172
1567496126.252365827560425
1567496126.652045249938965
1567496126.852273225784302
1567496127.052570581436157
1567496127.252593994140625
1567496127.552596330642700
1567496128.152490377426147
1567496128.452337265014648
1567496128.652027130126953
1567496128.851945877075195
1567496129.252068758010864
1567496129.452521562576294
1567496129.652427196502686
1567496129.952244520187378
1567496130.151989459991455
1567496130.352070808410645
1567496130.552317857742310
1567496130.752351999282837
1567496131.052230358123779
1567496131.252079010009766
1567496131.652235269546509
1567496131.851902484893799
1567496132.052437067031860
1567496132.352491855621338
1567496132.552296161651611
1567496132.851599693298340
1567496133.152335405349731
1567496133.352066040039062
1567496133.552698373794556
1567496133.952813386917114
1567496134.152744770050049
1567496134.351757287979126
1567496134.552856683731079
1567496135.053052663803101
1567496135.252638101577759
1567496135.552678346633911
1567496135.752640485763550
1567496135.952633619308472
1567496136.152526617050171
1567496136.351701974868774
1567496136.752261638641357
1567496137.052657127380371
1567496137.252916336059570
1567496137.452900886535645
1567496137.757316350936890
1567496138.057095766067505
1567496138.257030487060547
1567496138.657351255416870
1567496138.757249355316162
1567496138.956983566284180
1567496139.057027578353882
1567496139.257231712341309
1567496139.352416992187500
1567496139.452871322631836
1567496139.553108930587769
1567496139.652831554412842
1567496139.752536535263062
1567496139.851837396621704
1567496139.952435731887817
1567496140.052462100982666
1567496140.352641820907593
1567496140.452769517898560
1567496140.652874946594238
1567496140.752764701843262
1567496140.852690458297729
1567496140.952408075332642
1567496141.252532005310059
1567496141.452842473983765
1567496141.852895021438599
1567496141.952815771102905
1567496142.452620506286621
1567496142.556885242462158
1567496142.657144546508789
1567496142.757298469543457
1567496142.857409000396729
1567496143.056730031967163
1567496143.157043457031250
1567496143.457627296447754
1567496143.556938171386719
1567496143.657525777816772
1567496143.857320785522461
1567496144.057323455810547
1567496144.157381534576416
1567496144.257358789443970
1567496144.357265472412109
1567496144.657106876373291
1567496144.757066726684570
1567496144.957225799560547
1567496145.056813478469849
1567496145.157343387603760
1567496145.357371568679810
1567496145.556941270828247
1567496145.757098436355591
1567496146.156927347183228
1567496146.356973886489868
1567496146.657094001770020
1567496146.857036828994751
1567496147.056588172912598
1567496147.257216215133667
1567496147.457516908645630
1567496147.657586574554443
1567496147.857357501983643
1567496148.057111501693726
1567496148.257347822189331
1567496148.457266330718994
1567496148.657135725021362
1567496148.856855630874634
1567496149.056552171707153
1567496149.258460760116577
1567496149.457518815994263
1567496149.657438278198242
1567496149.957019567489624
1567496150.157303810119629
1567496150.357438325881958
1567496150.556612968444824
1567496150.757359504699707
1567496150.956964492797852
1567496151.157115936279297
1567496151.457445621490479
1567496151.657284021377563
1567496151.957279443740845
1567496152.157369375228882
1567496152.357131481170654
1567496152.556880712509155
1567496152.756816864013672
1567496153.056944847106934
1567496153.257425546646118
1567496153.457509517669678
1567496153.657435417175293
1567496153.857506990432739
1567496154.057270050048828
1567496154.257398843765259
1567496154.457228183746338
1567496154.657154798507690
1567496154.857188463211060
1567496155.057106733322144
1567496155.257714509963989
1567496155.457288742065430
1567496155.658553361892700
1567496155.858361005783081
1567496156.058280706405640
1567496156.258394479751587
1567496156.458746194839478
1567496156.659080505371094
1567496156.858899354934692
1567496157.159065008163452
1567496157.358915567398071
1567496157.558786153793335
1567496157.858850240707397
1567496158.158584356307983
1567496158.458371639251709
1567496158.758901357650757
1567496159.258390188217163
1567496159.458405971527100
1567496159.858761310577393
1567496160.058669090270996
1567496160.258834600448608
1567496160.558869838714600
1567496160.758340358734131
1567496160.958526134490967
1567496161.158490180969238
1567496161.352325439453125
1567496161.552343368530273
1567496161.752339363098145
1567496162.152196645736694
1567496162.452633857727051
1567496162.751913070678711
1567496162.952152252197266
1567496163.152284383773804
1567496163.352415800094604
1567496163.552313327789307
1567496163.752493143081665
1567496163.952123880386353
1567496164.152113437652588
1567496164.352214097976685
1567496164.551989316940308
1567496164.751448631286621
1567496164.951893568038940
1567496165.351930618286133
1567496165.551834821701050
1567496165.751648426055908
1567496166.052057027816772
1567496166.251113414764404
1567496166.452004909515381
1567496166.652201890945435
1567496166.852356433868408
1567496167.151808261871338
1567496167.351841688156128
1567496167.552128791809082
1567496167.751586198806763
1567496167.952113628387451
1567496168.151836156845093
1567496168.351857662200928
1567496168.551891088485718
1567496168.751920223236084
1567496169.051964759826660
1567496169.251916646957397
1567496169.551795244216919
1567496169.752056598663330
1567496169.951951265335083
1567496170.151991605758667
1567496170.351979017257690
1567496170.551984548568726
1567496170.752055883407593
1567496170.952048301696777
1567496171.151954174041748
1567496171.351780176162720
1567496171.551811695098877
1567496171.751296520233154
1567496171.951850652694702
1567496172.152132272720337
1567496172.352187156677246
1567496172.551998376846313
1567496172.752017974853516
1567496172.951955795288086
1567496173.152287960052490
1567496173.352470636367798
1567496173.552055597305298
1567496173.751144409179688
1567496173.952001810073853
1567496174.152081012725830
1567496174.352180480957031
1567496174.552521228790283
1567496174.752145767211914
1567496174.952328205108643
1567496175.152101278305054
1567496175.352370977401733
1567496175.552091121673584
1567496175.751469850540161
1567496175.951867818832397
1567496176.152153015136719
1567496176.352109670639038
1567496176.552240610122681
1567496176.752289772033691
1567496176.952384948730469
1567496177.152292966842651
1567496177.351962804794312
1567496177.552040338516235
1567496177.752127885818481
1567496177.952131032943726
1567496178.252463340759277
1567496178.452244281768799
1567496178.652063846588135
1567496178.852095842361450
1567496179.052371501922607
1567496179.252093791961670
1567496179.451916217803955
1567496179.652068138122559
1567496179.852000474929810
1567496180.052107334136963
1567496180.452000617980957
1567496180.652011871337891
1567496180.852283954620361
1567496181.052398443222046
1567496181.352201938629150
1567496181.551852226257324
1567496181.751682043075562
1567496181.952113628387451
1567496182.152460813522339
1567496182.352195024490356
1567496182.552160501480103
1567496182.852052927017212
1567496183.052166223526001
1567496183.252421379089355
1567496183.452632427215576
1567496183.652297019958496
1567496183.852358341217041
1567496184.052417039871216
1567496184.252310037612915
1567496184.451712846755981
1567496184.652590036392212
1567496184.951513528823853
1567496185.251790285110474
1567496185.451621294021606
1567496185.652278900146484
1567496185.951930522918701
1567496186.252056360244751
1567496186.551916599273682
1567496186.751854658126831
1567496186.951771020889282
1567496187.152155637741089
1567496187.351856946945190
1567496187.551582574844360
1567496187.751803874969482
1567496187.951957225799561
1567496188.251937389373779
1567496188.451592445373535
1567496188.651519536972046
1567496188.951692581176758
1567496189.152152538299561
1567496189.351842641830444
1567496189.551761865615845
1567496189.752273082733154
1567496189.952044248580933
1567496190.152290105819702
1567496190.352395057678223
1567496190.552586555480957
1567496190.752127885818481
1567496190.951145648956299
1567496191.251879930496216
1567496191.452259302139282
1567496191.752204895019531
1567496191.951467752456665
1567496192.152039051055908
1567496192.352062225341797
1567496192.552112817764282
1567496192.752032041549683
1567496192.952199220657349
1567496193.152325868606567
1567496193.352152824401855
1567496193.652072906494141
1567496193.852258205413818
1567496194.052265882492065
1567496194.251862287521362
1567496194.458081245422363
1567496194.657516479492188
1567496194.858110189437866
1567496195.058294296264648
1567496195.258328676223755
1567496195.458287000656128
1567496195.658010721206665
1567496195.858549594879150
1567496196.157850027084351
1567496196.458212375640869
1567496196.758120298385620
1567496197.358377456665039
1567496197.863088369369507
1567496198.158354759216309
1567496198.458009243011475
1567496198.757803440093994
1567496199.057770490646362
1567496199.257932186126709
1567496199.458132743835449
1567496199.658389568328857
1567496199.858433008193970
1567496200.058442592620850
1567496200.258653879165649
1567496200.458435773849487
1567496200.657884597778320
1567496200.858266353607178
1567496201.058501005172729
1567496201.258237361907959
1567496201.458130598068237
1567496201.657523155212402
1567496201.858592987060547
1567496202.058235645294189
1567496202.258170604705811
1567496202.458321571350098
1567496202.658366441726685
1567496202.958533287048340
1567496203.157911777496338
1567496203.358165979385376
1567496203.558054685592651
1567496203.758348941802979
1567496203.958365678787231
1567496204.158458948135376
1567496204.358332157135010
1567496204.557743549346924
1567496204.757831096649170
1567496204.958146095275879
1567496205.158341646194458
1567496205.358089208602905
1567496205.557796955108643
1567496205.757599830627441
1567496205.957635879516602
1567496206.158290624618530
1567496206.359063625335693
1567496206.558681488037109
1567496206.758172750473022
1567496206.958101272583008
1567496207.158231496810913
1567496207.358152151107788
1567496207.558332681655884
1567496207.758286476135254
1567496207.958086967468262
1567496208.157863855361938
1567496208.357907056808472
1567496208.658302307128906
1567496208.857735633850098
1567496209.357760429382324
1567496209.558315753936768
1567496209.758127450942993
1567496210.357596635818481
1567496211.058209896087646
1567496211.258302211761475
1567496211.458532810211182
1567496211.658428192138672
1567496211.858015775680542
1567496212.058599472045898
1567496212.359942197799683
1567496212.559996604919434
1567496212.759574174880981
1567496212.959580659866333
1567496213.359480142593384
1567496213.560009002685547
1567496213.759750604629517
1567496213.959729194641113
1567496214.159864425659180
1567496214.359863281250000
1567496214.559954404830933
1567496214.760157108306885
1567496215.060129165649414
1567496215.260365724563599
1567496215.459622859954834
1567496215.659445524215698
1567496215.859511852264404
1567496216.060057401657104
1567496216.260041236877441
1567496216.459962129592896
1567496216.660160779953003
1567496216.859792232513428
1567496217.159842014312744
1567496217.359283208847046
1567496217.560416698455811
1567496217.760377168655396
1567496217.960111379623413
1567496218.160028457641602
1567496218.360067367553711
1567496218.560725450515747
1567496218.760444164276123
1567496219.060256958007812
1567496219.259955406188965
1567496219.459954738616943
1567496219.760040998458862
1567496219.960310935974121
1567496220.160153627395630
1567496220.360174655914307
1567496220.660385847091675
1567496220.860344886779785
1567496221.060206174850464
1567496221.460434198379517
1567496221.660489320755005
1567496221.860269308090210
1567496222.160432577133179
1567496222.360051631927490
1567496222.759982347488403
1567496222.959807157516479
1567496223.160218715667725
1567496223.360259294509888
1567496223.560192823410034
1567496223.760085582733154
1567496223.960043191909790
1567496224.160047769546509
1567496224.360272645950317
1567496224.660254716873169
1567496224.860210657119751
1567496225.059737920761108
1567496225.460419654846191
1567496225.659995555877686
1567496225.859915733337402
1567496226.059559583663940
1567496226.359997749328613
1567496226.559912681579590
1567496226.760061502456665
1567496226.952293395996094
1567496227.152536869049072
1567496227.352745294570923
1567496227.552716732025146
1567496227.752748966217041
1567496227.952537059783936
1567496228.152215003967285
1567496228.352391004562378
1567496228.552605152130127
1567496228.852161645889282
1567496229.052071094512939
1567496229.351923227310181
1567496229.551562786102295
1567496229.752340316772461
1567496229.952518939971924
1567496230.152593135833740
1567496230.352691173553467
1567496230.551919460296631
1567496230.752628564834595
1567496230.952616453170776
1567496231.352049589157104
1567496231.652822732925415
1567496231.852444410324097
1567496232.051718235015869
1567496232.252586603164673
1567496232.452505588531494
1567496232.652563810348511
1567496232.852391242980957
1567496233.051764011383057
1567496233.252956390380859
1567496233.452713727951050
1567496233.652631282806396
1567496234.052404403686523
1567496234.352762937545776
1567496234.552000284194946
1567496234.852490901947021
1567496235.152739763259888
1567496235.352627277374268
1567496235.652414798736572
1567496235.852669477462769
1567496236.152715921401978
1567496236.352744340896606
1567496236.653196096420288
1567496236.852880477905273
1567496237.252841472625732
1567496237.452444076538086
1567496237.652420043945312
1567496237.852573871612549
1567496238.052755117416382
1567496238.352849960327148
1567496238.553052902221680
1567496238.853107690811157
1567496239.152756690979004
1567496239.452676773071289
1567496239.653404474258423
1567496239.953273773193359
1567496240.153048276901245
1567496240.852926731109619
1567496241.552871227264404
1567496241.752535343170166
1567496242.053338527679443
1567496242.353072643280029
1567496242.553195714950562
1567496242.754145383834839
1567496243.055091619491577
1567496243.254786968231201
1567496243.454626321792603
1567496243.654590368270874
1567496243.854729413986206
1567496244.054861068725586
1567496244.254569053649902
1567496244.555011987686157
1567496244.954608917236328
1567496245.154523849487305
1567496245.354915857315063
1567496245.855079889297485
1567496246.254213094711304
1567496246.455105304718018
1567496247.458096265792847
1567496248.052924871444702
1567496248.353056192398071
1567496248.653107404708862
1567496248.852902412414551
1567496249.653082370758057
1567496249.853252887725830
1567496250.052967071533203
1567496250.252605676651001
1567496250.453144073486328
1567496250.753020524978638
1567496250.952918291091919
1567496251.153127908706665
1567496251.353486299514771
1567496251.553333520889282
1567496251.752421617507935
1567496251.952866077423096
1567496252.453510761260986
1567496252.953001260757446
1567496253.152972698211670
1567496253.453422784805298
1567496253.653022527694702
1567496254.052798032760620
1567496254.252940893173218
1567496254.453011035919189
1567496254.852974653244019
1567496255.053093671798706
1567496255.253248453140259
1567496256.053340435028076
1567496256.253052234649658
1567496257.353158712387085
1567496257.553462266921997
1567496258.453243970870972
1567496258.853216886520386
1567496259.353190422058105
1567496259.553371429443359
1567496259.753133535385132
1567496259.952358484268188
1567496260.153138399124146
1567496260.353109836578369
1567496260.553052425384521
1567496260.753426074981689
1567496261.053524732589722
1567496261.253156661987305
1567496261.752863883972168
1567496261.952962636947632
1567496262.153031826019287
1567496262.653632164001465
1567496262.853152990341187
1567496263.052946805953979
1567496263.253091812133789
1567496263.452397346496582
1567496263.652988433837891
1567496263.952727079391479
1567496264.353181362152100
1567496264.653486013412476
1567496265.252975702285767
1567496265.452498435974121
1567496265.952472209930420
1567496266.152884721755981
1567496266.756601572036743
1567496266.952617883682251
1567496267.153197526931763
1567496267.353330612182617
1567496267.653596401214600
1567496267.853311777114868
1567496268.453366756439209
1567496268.653530597686768
1567496269.052976131439209
1567496269.353211164474487
1567496269.553344726562500
1567496269.853520631790161
1567496270.053343057632446
1567496270.453074932098389
1567496270.953299283981323
1567496271.153509378433228
1567496271.353206157684326
1567496271.553435802459717
1567496271.753049850463867
1567496272.053080797195435
1567496272.453279495239258
1567496272.652554988861084
1567496272.953104496002197
1567496273.252671241760254
1567496273.452832221984863
1567496273.652791023254395
1567496273.953700304031372
1567496274.253334045410156
1567496274.453526496887207
1567496274.753162145614624
1567496275.157299280166626
1567496275.457790374755859
1567496275.657871007919312
1567496275.857676267623901
1567496276.257966995239258
1567496276.457983255386353
1567496276.657910823822021
1567496276.858572006225586
1567496277.057975530624390
1567496277.358214139938354
1567496277.557673931121826
1567496277.757812261581421
1567496277.958025455474854
1567496278.158001184463501
1567496278.357862710952759
1567496278.558043241500854
1567496278.757587432861328
1567496278.957601308822632
1567496279.157917976379395
1567496279.358067274093628
1567496279.558001518249512
1567496279.757917165756226
1567496280.058019876480103
1567496280.258219718933105
1567496280.658197164535522
1567496280.858014345169067
1567496281.058002471923828
1567496281.357825994491577
1567496281.557574987411499
1567496281.757724046707153
1567496282.057682514190674
1567496282.257638216018677
1567496282.457656383514404
1567496282.657644271850586
1567496282.958056688308716
1567496283.358176708221436
1567496283.557541131973267
1567496283.860692501068115
1567496284.160890579223633
1567496284.561023473739624
1567496284.860655546188354
1567496285.160734415054321
1567496285.461024761199951
1567496285.860763311386108
1567496286.253303289413452
1567496287.254538774490356
1567496287.455945253372192
1567496287.656148433685303
1567496287.855513095855713
1567496288.056122064590454
1567496288.355734586715698
1567496288.556233406066895
1567496288.756315469741821
1567496289.056326150894165
1567496289.256336927413940
1567496289.456214189529419
1567496289.960453987121582
1567496290.157643795013428
1567496290.356858730316162
1567496290.857753038406372
1567496291.057939291000366
1567496291.257619380950928
1567496291.457567930221558
1567496291.657792091369629
1567496291.857834339141846
1567496292.058152437210083
1567496292.257919311523438
1567496292.457505702972412
1567496292.657735109329224
1567496292.857039690017700
1567496293.157922267913818
1567496293.358129262924194
1567496293.557843685150146
1567496294.052495002746582
1567496294.252564430236816
1567496294.452735900878906
1567496294.652979612350464
1567496294.852648258209229
1567496295.052754640579224
1567496295.252693414688110
1567496295.452731609344482
1567496295.652616024017334
1567496295.852519989013672
1567496296.052508354187012
1567496296.152750253677368
1567496296.252884387969971
1567496296.553198814392090
1567496296.653168439865112
1567496296.952630043029785
1567496297.052408218383789
1567496297.252578496932983
1567496297.452846050262451
1567496297.552883386611938
1567496297.652981996536255
1567496298.152899980545044
1567496298.252895116806030
1567496298.452823638916016
1567496298.553047895431519
1567496298.652833938598633
1567496298.752846956253052
1567496298.852682828903198
1567496298.952730417251587
1567496299.053106546401978
1567496299.252708435058594
1567496299.352741479873657
1567496299.452731132507324
1567496299.553097248077393
1567496299.653161287307739
1567496299.753002405166626
1567496299.853025436401367
1567496299.952678203582764
1567496300.052449464797974
1567496300.152308702468872
1567496300.252349376678467
1567496300.352684736251831
1567496300.452660799026489
1567496300.552364349365234
1567496300.652637958526611
1567496300.752740144729614
1567496300.852999448776245
1567496300.953082084655762
1567496301.054676294326782
1567496301.254461288452148
1567496301.354458093643188
1567496301.454354524612427
1567496301.554388284683228
1567496301.654422283172607
1567496301.754490852355957
1567496301.954391002655029
1567496302.053591728210449
1567496302.454083919525146
1567496302.553569793701172
1567496302.754094839096069
1567496302.853715896606445
1567496302.954039335250854
1567496303.053950786590576
1567496303.153967857360840
1567496303.253884315490723
1567496303.353898763656616
1567496303.453936100006104
1567496303.553620815277100
1567496303.654237508773804
1567496303.754187583923340
1567496303.954076766967773
1567496304.153971672058105
1567496304.253947496414185
1567496305.254237651824951
1567496305.359919309616089
1567496305.559569358825684
1567496305.660076856613159
1567496305.760266304016113
1567496306.160141706466675
1567496306.260584115982056
1567496306.360266447067261
1567496306.460253953933716
1567496306.559913873672485
1567496306.660216808319092
1567496306.760309696197510
1567496306.860106945037842
1567496306.960092782974243
1567496307.060058593750000
1567496307.159936666488647
1567496307.359814405441284
1567496307.559977769851685
1567496307.860426902770996
1567496308.160365581512451
1567496308.260132789611816
1567496308.360098838806152
1567496308.460114479064941
1567496308.660198688507080
1567496308.760361671447754
1567496308.860172748565674
1567496309.160124063491821
1567496309.260204315185547
1567496309.460274934768677
1567496309.560377120971680
1567496309.660328865051270
1567496309.760497331619263
1567496309.860459089279175
1567496310.260069131851196
1567496310.360170125961304
1567496310.660268306732178
1567496311.060593605041504
1567496311.360675811767578
1567496311.460295438766479
1567496311.559694528579712
1567496311.660248756408691
1567496311.760081052780151
1567496311.960166931152344
1567496312.060209512710571
1567496312.160244703292847
1567496312.260073423385620
1567496312.360423088073730
1567496312.460501194000244
1567496312.560233116149902
1567496312.660376071929932
1567496312.760563135147095
1567496312.860517978668213
1567496313.060266256332397
1567496313.160437345504761
1567496313.260413885116577
1567496313.460265636444092
1567496313.559373378753662
1567496313.760056495666504
1567496313.860193252563477
1567496313.960260868072510
1567496314.060319423675537
1567496314.160483360290527
1567496314.260086297988892
1567496314.360663890838623
1567496314.660586595535278
1567496314.763926029205322
1567496314.860466957092285
1567496315.060433626174927
1567496315.160515546798706
1567496315.259783983230591
1567496315.460551500320435
1567496315.660733699798584
1567496315.760365486145020
1567496315.860612630844116
1567496315.960614204406738
1567496316.060709238052368
1567496316.160947561264038
1567496316.261191129684448
1567496316.361082553863525
1567496316.460594177246094
1567496316.660470247268677
1567496316.759967327117920
1567496316.860338687896729
1567496317.160295009613037
1567496317.460664510726929
1567496317.660422801971436
1567496317.860585212707520
1567496317.965456485748291
1567496318.060762643814087
1567496318.160925626754761
1567496318.260936975479126
1567496318.360976934432983
1567496318.660722017288208
1567496318.760552406311035
1567496318.860417842864990
1567496318.960624694824219
1567496319.160720586776733
1567496319.256792545318604
1567496319.357606172561646
1567496319.457613706588745
1567496319.557551860809326
1567496319.657434701919556
1567496319.857610464096069
1567496319.957329750061035
1567496320.257579326629639
1567496320.357770442962646
1567496320.457759141921997
1567496320.557704925537109
1567496320.657899856567383
1567496320.757197380065918
1567496320.857756376266479
1567496320.957357406616211
1567496321.057314395904541
1567496321.157244205474854
1567496321.256849765777588
1567496321.457185029983521
1567496321.557377815246582
1567496321.757427692413330
1567496321.857633352279663
1567496321.957734346389771
1567496322.057730913162231
1567496322.157713174819946
1567496322.657348871231079
1567496322.756999492645264
1567496322.857293367385864
1567496322.957644939422607
1567496323.057243824005127
1567496323.157532453536987
1567496323.257653713226318
1567496324.057365417480469
1567496324.457365036010742
1567496324.557272911071777
1567496324.757492780685425
1567496324.857557773590088
1567496324.957827091217041
1567496325.257322549819946
1567496325.357088565826416
1567496325.657070159912109
1567496325.757019996643066
1567496325.956954956054688
1567496326.157093048095703
1567496326.256999254226685
1567496326.457215547561646
1567496326.557427883148193
1567496326.657489299774170
1567496326.757351875305176
1567496326.857188940048218
1567496326.956745624542236
1567496327.057096481323242
1567496327.256893873214722
1567496327.357050657272339
1567496327.456434488296509
1567496327.557193279266357
1567496327.757445335388184
1567496328.057324647903442
1567496328.157266616821289
1567496328.256730556488037
1567496328.356979608535767
1567496328.456375837326050
1567496328.557137727737427
1567496328.857023000717163
1567496328.956357955932617
1567496329.256938457489014
1567496329.356892824172974
1567496329.456907510757446
1567496329.556821107864380
1567496329.656899929046631
1567496329.757025957107544
1567496329.857031822204590
1567496329.956736326217651
1567496330.057028532028198
1567496330.157052993774414
1567496330.256912708282471
1567496330.357073068618774
1567496330.456650018692017
1567496330.557271003723145
1567496330.656848669052124
1567496330.856920242309570
1567496330.957099676132202
1567496331.056946516036987
1567496331.157103776931763
1567496331.356572389602661
1567496331.456102371215820
1567496331.556659221649170
1567496331.661577701568604
1567496331.756924152374268
1567496331.856954336166382
1567496331.957001209259033
1567496332.056870937347412
1567496332.358564376831055
1567496332.457829236984253
1567496332.558696746826172
1567496332.758325099945068
1567496332.858500719070435
1567496333.158811330795288
1567496333.258614778518677
1567496333.358615636825562
1567496333.558423757553101
1567496333.658372163772583
1567496333.758321762084961
1567496333.858420133590698
1567496333.958516120910645
1567496334.058464050292969
1567496334.158687591552734
1567496334.358435392379761
1567496334.458425998687744
1567496334.558449268341064
1567496334.658408880233765
1567496334.758373260498047
1567496334.858352661132812
1567496334.958502054214478
1567496335.058731555938721
1567496335.158946514129639
1567496335.258677959442139
1567496335.458718299865723
1567496335.558489799499512
1567496335.658503770828247
1567496335.758519411087036
1567496335.858344554901123
1567496335.958499431610107
1567496336.058422803878784
1567496336.258267402648926
1567496336.458252191543579
1567496336.658464908599854
1567496336.858771562576294
1567496337.058502435684204
1567496337.258373975753784
1567496337.458498239517212
1567496337.658036231994629
1567496337.857646226882935
1567496338.057952880859375
1567496338.358376264572144
1567496338.558382987976074
1567496338.758201837539673
1567496338.958418846130371
1567496339.158075332641602
1567496339.358426332473755
1567496339.558393239974976
1567496339.858478784561157
1567496340.058220148086548
1567496340.351876020431519
1567496340.552000761032104
1567496340.752047777175903
1567496340.952042102813721
1567496341.552263021469116
1567496341.952145576477051
1567496342.151426315307617
1567496342.451698064804077
1567496342.651333570480347
1567496342.852088928222656
1567496343.151937484741211
1567496343.351856946945190
1567496343.651484012603760
1567496343.952496528625488
1567496344.152087211608887
1567496344.352524757385254
1567496344.552046775817871
1567496344.751974105834961
1567496344.952089309692383
1567496345.151934385299683
1567496345.351919651031494
1567496345.551987409591675
1567496345.751964330673218
1567496345.951953887939453
1567496346.252066135406494
1567496346.452031850814819
1567496346.652112960815430
1567496346.852518081665039
1567496347.052298784255981
1567496347.252096414566040
1567496347.552040815353394
1567496347.751890659332275
1567496347.951943159103394
1567496348.251875162124634
1567496348.452035665512085
1567496348.651905059814453
1567496348.852186679840088
1567496349.051736593246460
1567496349.251927137374878
1567496349.452099084854126
1567496350.051971912384033
1567496350.252072334289551
1567496350.452098608016968
1567496350.752120018005371
1567496351.052325010299683
1567496351.352374792098999
1567496351.552465915679932
1567496351.852435827255249
1567496352.052355527877808
1567496352.252303361892700
1567496352.452697515487671
1567496352.651777029037476
1567496352.959896326065063
1567496353.159952640533447
1567496353.459798097610474
1567496353.759673833847046
1567496353.959577798843384
1567496354.159597158432007
1567496354.359415769577026
1567496354.560071229934692
1567496354.759917974472046
1567496354.959746599197388
1567496355.159714460372925
1567496355.359049558639526
1567496355.559761762619019
1567496355.759719371795654
1567496356.059847831726074
1567496356.259917497634888
1567496356.460077762603760
1567496356.659815311431885
1567496356.859256505966187
1567496357.060158252716064
1567496357.359315156936646
1567496357.560251951217651
1567496357.759901046752930
1567496357.959852695465088
1567496358.159764289855957
1567496358.359476327896118
1567496358.560408830642700
1567496358.860114336013794
1567496359.159976005554199
1567496359.359616994857788
1567496359.560099124908447
1567496359.759550094604492
1567496360.059664964675903
1567496360.259667634963989
1567496360.459629297256470
1567496360.659665346145630
1567496360.859813451766968
1567496361.059910774230957
1567496361.260016202926636
1567496361.459956169128418
1567496361.660142898559570
1567496361.859243154525757
1567496362.159931182861328
1567496362.359982252120972
1567496362.559867620468140
1567496363.060043573379517
1567496363.259953498840332
1567496363.560122966766357
1567496363.959971189498901
1567496364.153770685195923
1567496364.353736162185669
1567496364.553730726242065
1567496364.753501892089844
1567496364.953345537185669
1567496365.253582000732422
1567496365.453776121139526
1567496365.653392314910889
1567496366.953618288040161
1567496367.253516197204590
1567496367.553347587585449
1567496367.853427886962891
1567496368.053751230239868
1567496368.453502178192139
1567496368.653674840927124
1567496368.853642940521240
1567496369.053607463836670
1567496369.253633737564087
1567496369.453414440155029
1567496369.653412580490112
1567496369.852505445480347
1567496370.053453207015991
1567496370.353471040725708
1567496370.552984237670898
1567496371.253552675247192
1567496371.653575897216797
1567496371.853756427764893
1567496372.353399276733398
1567496372.753650188446045
1567496372.953568696975708
1567496373.353379726409912
1567496373.753440618515015
1567496374.153338432312012
1567496374.453376770019531
1567496374.653600931167603
1567496374.853584527969360
1567496375.257170677185059
1567496375.457909822463989
1567496375.758047580718994
1567496375.958174705505371
1567496376.258095026016235
1567496376.458251714706421
1567496376.658184051513672
1567496376.858139753341675
1567496377.257963418960571
1567496377.457871913909912
1567496377.658372402191162
1567496377.859719991683960
1567496378.359262466430664
1567496378.659256219863892
1567496378.859167575836182
1567496379.058877944946289
1567496379.459595918655396
1567496379.659753799438477
1567496379.853685617446899
1567496380.053549528121948
1567496380.353505373001099
1567496380.553065299987793
1567496380.753284454345703
1567496380.953571319580078
1567496381.153731584548950
1567496381.353439331054688
1567496381.553212881088257
1567496381.753511667251587
1567496381.954004287719727
1567496382.159909725189209
1567496382.359590053558350
1567496383.059416055679321
1567496383.559491872787476
1567496383.859574794769287
1567496384.059618711471558
1567496384.259311199188232
1567496384.459443092346191
1567496385.059203624725342
1567496385.659791707992554
1567496385.959267377853394
1567496386.159392118453979
1567496386.359600067138672
1567496386.559759616851807
1567496386.759806394577026
1567496386.960226535797119
1567496387.159501791000366
1567496387.359407186508179
1567496387.559548854827881
1567496387.759290456771851
1567496387.959532499313354
1567496388.159253597259521
1567496388.459385633468628
1567496388.759629487991333
1567496389.052058219909668
1567496389.251013994216919
1567496389.451893329620361
1567496389.651573419570923
1567496389.952695608139038
1567496390.152062654495239
1567496390.352174520492554
1567496390.752142906188965
1567496390.952332973480225
1567496391.151625394821167
1567496391.351909160614014
1567496391.551813602447510
1567496391.751721143722534
1567496392.251574277877808
1567496392.452105283737183
1567496392.651983022689819
1567496392.851849794387817
1567496393.051675319671631
1567496393.352070808410645
1567496393.551758527755737
1567496393.751135826110840
1567496394.151901483535767
1567496394.352031946182251
1567496394.652168512344360
1567496395.555015563964844
1567496395.851844787597656
1567496396.152093410491943
1567496396.452082633972168
1567496396.752143859863281
1567496397.052118062973022
1567496397.351743459701538
1567496397.651498794555664
1567496397.951953411102295
1567496398.251894950866699
1567496398.551943778991699
1567496398.851969718933105
1567496399.151869297027588
1567496399.451864719390869
1567496400.951530933380127
1567496401.251761674880981
1567496401.451313495635986
1567496401.651769161224365
1567496401.851649522781372
1567496402.151931285858154
1567496402.352025508880615
1567496402.751740694046021
1567496402.951880931854248
1567496403.151822328567505
1567496403.351772785186768
1567496404.152145147323608
1567496404.352100133895874
1567496404.551790237426758
1567496405.351931810379028
1567496405.858055114746094
1567496406.158218383789062
1567496406.358260393142700
1567496406.557915925979614
1567496406.757769584655762
1567496406.957447528839111
1567496407.258262872695923
1567496407.458114147186279
1567496407.657847404479980
1567496407.857953310012817
1567496408.057915687561035
1567496408.258129596710205
1567496408.957818031311035
1567496409.258003234863281
1567496409.458014965057373
1567496409.657951831817627
1567496409.957764863967896
1567496410.157896518707275
1567496410.357961177825928
1567496410.658036947250366
1567496410.958019495010376
1567496411.158069133758545
1567496411.358019113540649
1567496411.558230638504028
1567496411.757893085479736
1567496411.857724189758301
1567496412.157958745956421
1567496412.257962465286255
1567496412.357909917831421
1567496412.457958459854126
1567496412.657832384109497
1567496412.758063793182373
1567496412.858029127120972
1567496412.957943916320801
1567496413.257956504821777
1567496413.457707166671753
1567496413.757946014404297
1567496413.957795858383179
1567496414.257631301879883
1567496414.657273530960083
1567496414.957532405853271
1567496415.357452630996704
1567496415.557172775268555
1567496415.857551097869873
1567496416.257958650588989
1567496416.457765579223633
1567496416.657503843307495
1567496416.957696199417114
1567496417.156831264495850
1567496417.357640743255615
1567496417.557870149612427
1567496417.757584571838379
1567496417.957489252090454
1567496418.157379865646362
1567496418.357860326766968
1567496418.557611465454102
1567496418.757508754730225
1567496419.057677984237671
1567496419.257666826248169
1567496419.457733392715454
1567496419.656908750534058
1567496419.857755184173584
1567496420.157495737075806
1567496420.358028173446655
1567496420.557698011398315
1567496420.757703781127930
1567496421.057946205139160
1567496421.257905006408691
1567496421.457734346389771
1567496422.258206605911255
1567496422.458412170410156
1567496422.857843637466431
1567496423.057894945144653
1567496423.258055210113525
1567496423.657089471817017
1567496423.857614278793335
1567496424.057563543319702
1567496424.257764339447021
1567496424.658174753189087
1567496424.858357429504395
1567496425.158045291900635
1567496425.457878112792969
1567496425.657918691635132
1567496426.358947038650513
1567496426.559384346008301
1567496426.959593296051025
1567496427.259510517120361
1567496427.459156036376953
1567496428.359336137771606
1567496429.359589099884033
1567496429.559463024139404
1567496430.159721374511719
1567496430.459959268569946
1567496430.759363651275635
1567496431.059671878814697
1567496431.459690570831299
1567496431.859363555908203
1567496432.359727382659912
1567496432.859172821044922
1567496433.259333133697510
1567496433.953316211700439
1567496434.353444576263428
1567496434.857897281646729
1567496435.357893466949463
1567496435.658194541931152
1567496435.957753658294678
1567496436.257757902145386
1567496436.558059453964233
1567496436.858033180236816
1567496437.157727718353271
1567496437.557969808578491
1567496437.857821464538574
1567496438.358145713806152
1567496438.558441162109375
1567496438.758206605911255
1567496438.958024024963379
1567496439.257854223251343
1567496439.557801961898804
1567496439.857849597930908
1567496440.257989645004272
1567496441.058065891265869
1567496441.558014869689941
1567496442.058217763900757
1567496442.458073854446411
1567496442.857881307601929
1567496443.257914066314697
1567496443.757941007614136
1567496444.057217359542847
1567496444.357488155364990
1567496444.758128166198730
1567496444.958027124404907
1567496445.158010482788086
1567496445.357736587524414
1567496445.557323932647705
1567496445.857810258865356
1567496446.057492733001709
1567496446.257911205291748
1567496446.457983732223511
1567496446.659316539764404
1567496446.959088563919067
1567496447.159237384796143
1567496447.459268093109131
1567496447.859005928039551
1567496448.058684587478638
1567496448.359195470809937
1567496448.559085607528687
1567496448.759741783142090
1567496449.459792852401733
1567496449.959386348724365
1567496450.159381866455078
1567496450.359629869461060
1567496450.559770107269287
1567496450.759553194046021
1567496450.959370851516724
1567496451.159327507019043
1567496451.359367847442627
1567496451.759736776351929
1567496452.259287357330322
1567496452.459187746047974
1567496452.659240961074829
1567496452.851680278778076
1567496453.151716947555542
1567496453.351919889450073
1567496453.651793241500854
1567496453.751507997512817
1567496453.951464414596558
1567496454.251939773559570
1567496454.351720809936523
1567496454.551810026168823
1567496454.651690006256104
1567496455.151567220687866
1567496455.253579616546631
1567496455.351850986480713
1567496455.451919078826904
1567496455.651838541030884
1567496455.751606702804565
1567496455.951498746871948
1567496456.051172256469727
1567496456.151545763015747
1567496456.251680612564087
1567496456.351503133773804
1567496456.451427936553955
1567496456.550576448440552
1567496456.951602458953857
1567496457.050494194030762
1567496457.151538848876953
1567496457.251557350158691
1567496457.351468801498413
1567496457.451520442962646
1567496457.651494979858398
1567496457.751795053482056
1567496457.851387023925781
1567496457.951287508010864
1567496458.050342082977295
1567496458.251120328903198
1567496458.351319789886475
1567496458.451353549957275
1567496458.551458597183228
1567496458.651444673538208
1567496458.851341485977173
1567496458.951349973678589
1567496459.251309394836426
1567496459.551092624664307
1567496459.751330614089966
1567496460.051383733749390
1567496460.151304244995117
1567496460.251235246658325
1567496460.351198911666870
1567496460.651474237442017
1567496460.851556777954102
1567496461.051604747772217
1567496461.151430606842041
1567496461.251522779464722
1567496461.451333999633789
1567496461.551251173019409
1567496461.651326656341553
1567496461.751577615737915
1567496461.851374387741089
1567496461.951448917388916
1567496462.050793170928955
1567496462.151510000228882
1567496462.351307153701782
1567496462.451210498809814
1567496462.751518726348877
1567496463.051460981369019
1567496463.151173591613770
1567496463.251053333282471
1567496463.351047515869141
1567496463.451114177703857
1567496463.551250934600830
1567496463.651066541671753
1567496463.751284122467041
1567496463.857220172882080
1567496463.957250833511353
1567496464.057533502578735
1567496464.157293081283569
1567496464.256978273391724
1567496464.357609510421753
1567496464.457310914993286
1567496464.557489871978760
1567496464.657595396041870
1567496464.756653070449829
1567496464.857095956802368
1567496464.957083225250244
1567496465.056998729705811
1567496465.357432365417480
1567496465.457333564758301
1567496465.557258605957031
1567496465.857040405273438
1567496466.057174921035767
1567496466.157116651535034
1567496466.256706953048706
1567496466.357040405273438
1567496466.457112073898315
1567496466.557168245315552
1567496466.756715536117554
1567496466.857310295104980
1567496466.957330942153931
1567496467.257168292999268
1567496467.457473039627075
1567496467.557280063629150
1567496467.657337427139282
1567496467.958028078079224
1567496468.256510496139526
1567496468.457772731781006
1567496468.757426738739014
1567496468.957352161407471
1567496469.357273340225220
1567496469.557217836380005
1567496469.757364273071289
1567496469.957276821136475
1567496470.357149600982666
1567496470.857170581817627
1567496471.057447910308838
1567496471.357257127761841
1567496471.557074546813965
1567496471.757055044174194
1567496471.957137584686279
1567496472.157401323318481
1567496472.557250976562500
1567496472.757125616073608
1567496472.956974744796753
1567496473.157150506973267
1567496473.357106208801270
1567496473.757028341293335
1567496474.256892442703247
1567496474.456338405609131
1567496474.656978130340576
1567496474.857034921646118
1567496475.357568979263306
1567496475.557528018951416
1567496475.757351875305176
1567496475.956993579864502
1567496476.357053041458130
1567496476.657086372375488
1567496477.357110500335693
1567496477.657610893249512
1567496477.956866741180420
1567496478.456630229949951
1567496478.857311964035034
1567496479.257096767425537
1567496479.957450866699219
1567496480.157212018966675
1567496480.450742244720459
1567496480.751351356506348
1567496480.950426101684570
1567496481.151232242584229
1567496481.351151466369629
1567496481.551417589187622
1567496481.851226806640625
1567496482.051185131072998
1567496482.351551294326782
1567496482.551476478576660
1567496482.850853681564331
1567496483.050882339477539
1567496483.255850315093994
1567496483.455624341964722
1567496483.755848646163940
1567496483.955832481384277
1567496484.155837774276733
1567496484.355794191360474
1567496484.656244993209839
1567496484.856019735336304
1567496485.050862550735474
1567496485.351077795028687
1567496485.650981187820435
1567496485.950798511505127
1567496486.150520563125610
1567496486.350841283798218
1567496486.650632143020630
1567496486.850813627243042
1567496487.050875663757324
1567496487.450638771057129
1567496487.650444269180298
1567496487.850802421569824
1567496488.451028823852539
1567496488.650540113449097
1567496488.850640058517456
1567496489.250782012939453
1567496489.650786399841309
1567496489.851061105728149
1567496490.251247882843018
1567496490.450989723205566
1567496490.650546550750732
1567496490.951192140579224
1567496491.250836372375488
1567496491.851090431213379
1567496492.050855159759521
1567496492.851104497909546
1567496493.350889682769775
1567496493.850845098495483
1567496494.051105737686157
1567496494.351552486419678
1567496494.650836467742920
1567496494.851231575012207
1567496495.150524377822876
1567496495.350889921188354
1567496495.551091432571411
1567496495.751180171966553
1567496496.451250076293945
1567496496.850723028182983
1567496497.051055908203125
1567496497.951105594635010
1567496498.450975894927979
1567496498.850570440292358
1567496499.251197338104248
1567496499.651184558868408
1567496499.951051473617554
1567496500.751219511032104
1567496501.151541709899902
1567496501.451139211654663
1567496501.751126766204834
1567496502.151079177856445
1567496502.651162385940552
1567496502.850963115692139
1567496503.051248073577881
1567496503.251012563705444
1567496503.451481819152832
1567496503.751334905624390
1567496503.951186418533325
1567496504.151037931442261
1567496504.350947856903076
1567496504.551212549209595
1567496504.751230716705322
1567496504.951254129409790
1567496505.151309490203857
1567496505.351005077362061
1567496505.551579236984253
1567496505.751483678817749
1567496506.051576375961304
1567496506.251435279846191
1567496506.451386451721191
1567496506.651318788528442
1567496506.851090431213379
1567496507.050926446914673
1567496507.351450681686401
1567496507.651336669921875
1567496508.051395177841187
1567496508.251382827758789
1567496508.451405525207520
1567496508.651525020599365
1567496508.851271390914917
1567496509.050932884216309
1567496509.251152992248535
1567496509.451253414154053
1567496509.651343822479248
1567496509.851658344268799
1567496510.151037216186523
1567496510.451050519943237
1567496510.751663208007812
1567496510.951500892639160
1567496511.151419401168823
1567496511.351077556610107
1567496511.550902128219604
1567496511.751708269119263
1567496511.951360464096069
1567496512.151442527770996
1567496512.351278543472290
1567496512.550690889358521
1567496512.851532220840454
1567496513.051361083984375
1567496513.351644515991211
1567496513.551505327224731
1567496513.851314783096313
1567496514.051478624343872
1567496514.251512289047241
1567496514.451581478118896
1567496514.651574373245239
1567496514.851299285888672
1567496515.050718307495117
1567496515.251209020614624
1567496515.451478719711304
1567496515.751503705978394
1567496515.951405525207520
1567496516.351627111434937
1567496516.551637649536133
1567496516.751571893692017
1567496516.951473951339722
1567496517.151431322097778
1567496517.451000928878784
1567496517.651165246963501
1567496517.851263046264648
1567496518.151122093200684
1567496518.351539611816406
1567496518.551273107528687
1567496518.851177930831909
1567496519.051256179809570
1567496519.250945091247559
1567496519.451554536819458
1567496519.851243972778320
1567496520.051096677780151
1567496520.250681161880493
1567496520.351397037506104
1567496520.451326608657837
1567496520.551559209823608
1567496520.750880241394043
1567496521.351423263549805
1567496521.452293634414673
1567496521.551896572113037
1567496521.651999711990356
1567496521.751714468002319
1567496521.951610803604126
1567496522.351318359375000
1567496522.451383590698242
1567496522.652048587799072
1567496523.051323652267456
1567496523.251477003097534
1567496523.351464271545410
1567496523.451470851898193
1567496523.551849842071533
1567496523.751745462417603
1567496523.951558113098145
1567496524.151768207550049
1567496524.351710557937622
1567496524.551548242568970
1567496524.751267671585083
1567496524.951170921325684
1567496525.251528024673462
1567496525.451595067977905
1567496525.651672840118408
1567496525.851634025573730
1567496526.251254796981812
1567496526.451622962951660
1567496526.851603269577026
1567496527.651477098464966
1567496527.851344347000122
1567496528.051427602767944
1567496528.251361846923828
1567496528.451288223266602
1567496528.651866197586060
1567496528.851907730102539
1567496529.051760196685791
1567496529.251376390457153
1567496529.450813770294189
1567496530.251815319061279
1567496530.551598787307739
1567496530.851518869400024
1567496531.151618242263794
1567496531.351631879806519
1567496531.551650762557983
1567496531.751687049865723
1567496531.950879335403442
1567496532.151981592178345
1567496532.351625680923462
1567496532.551579713821411
1567496532.851638317108154
1567496533.051363468170166
1567496533.451193571090698
1567496533.651586294174194
1567496533.851392030715942
1567496534.051468849182129
1567496534.351661682128906
1567496534.652913808822632
1567496534.851319789886475
1567496535.451188325881958
1567496535.751467704772949
1567496536.051395654678345
1567496536.251388072967529
1567496536.451365947723389
1567496536.651590585708618
1567496536.851459980010986
1567496537.051408529281616
1567496537.251509189605713
1567496538.451544523239136
1567496538.651891231536865
1567496538.852099180221558
1567496539.051618814468384
1567496539.451734066009521
1567496539.651724100112915
1567496539.952158212661743
1567496540.251768827438354
1567496540.451452016830444
1567496540.651782035827637
1567496540.852037668228149
1567496541.052025794982910
1567496541.251687049865723
1567496541.451486110687256
1567496541.651807069778442
1567496541.952245235443115
1567496542.952042102813721
1567496543.251759290695190
1567496543.551836490631104
1567496543.752034187316895
1567496544.352067947387695
1567496544.551941871643066
1567496544.751806497573853
1567496544.951168537139893
1567496545.151939868927002
1567496545.352176904678345
1567496545.951953649520874
1567496546.151912212371826
1567496546.552012681961060
1567496546.751939058303833
1567496546.951316595077515
1567496547.152016401290894
1567496547.451817750930786
1567496547.651778221130371
1567496547.951497077941895
1567496548.152668714523315
1567496548.451839447021484
1567496548.752082586288452
1567496548.952062368392944
1567496549.152215719223022
1567496549.352060556411743
1567496549.551990747451782
1567496549.751837730407715
1567496550.251558542251587
1567496550.651898622512817
1567496550.951975107192993
1567496551.251904964447021
1567496551.552174806594849
1567496551.852400302886963
1567496552.151810646057129
1567496552.552078485488892
1567496552.951805353164673
1567496553.558180093765259
1567496554.057899236679077
1567496554.858446359634399
1567496556.257933139801025
1567496558.459292888641357
1567496559.759149074554443
1567496561.058930635452271
1567496561.759126901626587
1567496562.453167915344238
1567496563.252893209457397
1567496597.150394439697266
1567496598.050637006759644
1567496598.550487041473389
1567496599.051076173782349
1567496599.450960159301758
1567496599.853115558624268
1567496600.152063846588135
1567496600.552834987640381
1567496600.852668046951294
1567496601.651770353317261
1567496601.852954149246216
1567496602.950949907302856
1567496603.150737047195435
1567496603.350998163223267
1567496603.551171064376831
1567496603.751157999038696
1567496604.050966978073120
1567496604.651084661483765
1567496604.851602792739868
1567496605.350701808929443
1567496605.551044940948486
1567496605.751308917999268
1567496605.951319456100464
1567496606.151021003723145
1567496606.551189661026001
1567496606.751333475112915
1567496606.951185464859009
1567496607.150388956069946
1567496607.350833177566528
1567496607.550733566284180
1567496607.750987052917480
1567496607.951085329055786
1567496608.251469612121582
1567496608.551432847976685
1567496608.751129865646362
1567496608.951144933700562
1567496609.151277303695679
1567496609.351374864578247
1567496609.551391839981079
1567496609.951258182525635
1567496610.151153564453125
1567496610.556991815567017
1567496610.756852149963379
1567496611.057093143463135
1567496611.257101774215698
1567496611.557089328765869
1567496611.856979131698608
1567496612.156922340393066
1567496612.356831312179565
1567496612.556928157806396
1567496612.757241010665894
1567496612.957160472869873
1567496613.156477451324463
1567496613.756973505020142
1567496614.057087898254395
1567496614.357138156890869
1567496614.656978607177734
1567496614.956961870193481
1567496615.256994485855103
1567496615.556732654571533
1567496615.857223510742188
1567496616.157128810882568
1567496616.456811189651489
1567496616.657174348831177
1567496616.957016229629517
1567496617.157081842422485
1567496617.456769704818726
1567496618.057190179824829
1567496618.257539272308350
1567496618.456953287124634
1567496618.650451898574829
1567496618.850874185562134
1567496619.150760889053345
1567496619.350636005401611
1567496619.550899267196655
1567496619.850888013839722
1567496620.150605201721191
1567496620.350736856460571
1567496620.550519227981567
1567496620.750720024108887
1567496620.950682401657104
1567496621.250606060028076
1567496622.050686836242676
1567496622.250692367553711
1567496622.450700044631958
1567496622.650573492050171
1567496622.850548267364502
1567496623.051034688949585
1567496623.255917787551880
1567496623.455718755722046
1567496623.655628442764282
1567496623.855331897735596
1567496624.157096624374390
1567496624.357177257537842
1567496624.757320642471313
1567496625.057155847549438
1567496625.457064628601074
1567496625.756689548492432
1567496625.957042694091797
1567496626.556979417800903
1567496626.756963729858398
1567496626.957151412963867
1567496627.157217264175415
1567496627.357052326202393
1567496627.657096862792969
1567496627.856980800628662
1567496628.556847333908081
1567496628.957302093505859
1567496629.150932312011719
1567496629.650452852249146
1567496629.850484371185303
1567496630.050625324249268
1567496630.450982332229614
1567496630.650789976119995
1567496631.150711774826050
1567496631.550762176513672
1567496631.950740575790405
1567496632.250723123550415
1567496632.550920486450195
1567496632.750417947769165
1567496632.950564622879028
1567496633.250786542892456
1567496633.450903654098511
1567496633.951004743576050
1567496634.251052618026733
1567496634.550655126571655
1567496634.850598096847534
1567496635.250886440277100
1567496635.650841712951660
1567496635.950924634933472
1567496636.750909805297852
1567496637.350512027740479
1567496637.750701904296875
1567496638.050804138183594
1567496638.351218461990356
1567496638.651115179061890
1567496638.950693368911743
1567496639.250802278518677
1567496639.550734758377075
1567496639.851092576980591
1567496640.750988245010376
1567496641.051237583160400
1567496642.050504684448242
1567496642.350927829742432
1567496642.650841951370239
1567496642.850795030593872
1567496643.150861501693726
1567496643.450775861740112
1567496643.750676393508911
1567496643.950746774673462
1567496644.150779485702515
1567496644.351065874099731
1567496644.550922155380249
1567496644.750788688659668
1567496644.950722932815552
1567496645.150620937347412
1567496645.350315332412720
1567496645.550782442092896
1567496645.750849485397339
1567496645.950869560241699
1567496646.150936603546143
1567496646.350912809371948
1567496646.550987958908081
1567496646.751123905181885
1567496647.150848150253296
1567496647.350734949111938
1567496647.850970506668091
1567496648.150865316390991
1567496648.351144790649414
1567496648.551131248474121
1567496648.850977897644043
1567496649.050918817520142
1567496649.250716924667358
1567496649.450518131256104
1567496649.650976419448853
1567496650.250944614410400
1567496650.450864791870117
1567496650.650711059570312
1567496650.850773334503174
1567496651.051038265228271
1567496651.450934171676636
1567496651.650779247283936
1567496651.951070308685303
1567496652.250885963439941
1567496652.450977563858032
1567496652.950552463531494
1567496653.150724649429321
1567496653.351171731948853
1567496653.550897359848022
1567496653.950897216796875
1567496654.150688886642456
1567496654.350406408309937
1567496654.551003694534302
1567496654.750786066055298
1567496654.950700044631958
1567496655.550679445266724
1567496655.750582933425903
1567496655.950822114944458
1567496656.150177717208862
1567496656.350511074066162
1567496656.550788402557373
1567496657.050581932067871
1567496657.250784397125244
1567496657.450735807418823
1567496657.650382995605469
1567496657.950411558151245
1567496658.852277040481567
1567496659.152375221252441
1567496659.452682733535767
1567496660.552200555801392
1567496661.052206277847290
1567496661.351814508438110
1567496661.852575302124023
1567496662.152239561080933
1567496662.452757358551025
1567496662.752844095230103
1567496663.052537918090820
1567496663.354039669036865
1567496663.854190111160278
1567496664.054875850677490
1567496664.253969430923462
1567496664.453914880752563
1567496664.653972148895264
1567496665.554934740066528
1567496666.454293727874756
1567496666.853637695312500
1567496667.054197311401367
1567496667.854558944702148
1567496668.054373264312744
1567496668.254139423370361
1567496668.654001235961914
1567496668.954086065292358
1567496669.154181003570557
1567496669.754385948181152
1567496669.953895568847656
1567496670.154070377349854
1567496670.454276323318481
1567496671.353375673294067
1567496671.454158544540405
1567496671.754062175750732
1567496671.853552103042603
1567496671.953942298889160
1567496672.054132938385010
1567496672.154114484786987
1567496672.353698492050171
1567496672.553721427917480
1567496672.653743505477905
1567496672.753621816635132
1567496673.453732967376709
1567496673.553549766540527
1567496673.653587102890015
1567496673.753652334213257
1567496673.853034496307373
1567496674.053945541381836
1567496674.153956413269043
1567496674.253862380981445
1567496674.453662395477295
1567496674.554120302200317
1567496674.653857946395874
1567496674.753868579864502
1567496675.054022073745728
1567496675.253921508789062
1567496675.350333929061890
1567496675.450538396835327
1567496675.550532341003418
1567496675.650575160980225
1567496675.750625848770142
1567496675.950674057006836
1567496676.050572872161865
1567496676.250413417816162
1567496676.349600315093994
1567496676.450705766677856
1567496676.550615787506104
1567496676.650675058364868
1567496677.150402307510376
1567496677.250153779983521
1567496677.350242853164673
1567496677.450323104858398
1567496677.650549650192261
1567496677.750596284866333
1567496677.850508451461792
1567496677.950489997863770
1567496678.050252199172974
1567496678.150316953659058
1567496678.250328063964844
1567496678.350577354431152
1567496678.650362014770508
1567496679.050359964370728
1567496679.150499343872070
1567496679.250437974929810
1567496679.349775791168213
1567496679.450531482696533
1567496679.650490522384644
1567496679.750549316406250
1567496679.850181102752686
1567496679.950589656829834
1567496680.349982023239136
1567496680.450774669647217
1567496680.550758361816406
1567496680.650715827941895
1567496680.850777626037598
1567496680.950623989105225
1567496681.050847768783569
1567496681.150799512863159
1567496681.250789880752563
1567496681.350428104400635
1567496682.350640058517456
1567496682.450958013534546
1567496682.850013971328735
1567496682.950581312179565
1567496683.050690412521362
1567496683.150921106338501
1567496683.350545644760132
1567496683.450766801834106
1567496683.550935745239258
1567496683.650929212570190
1567496683.750778913497925
1567496683.850648641586304
1567496683.950861454010010
1567496684.050976753234863
1567496684.150595188140869
1567496684.350080490112305
1567496684.450648784637451
1567496684.650921583175659
1567496684.750830650329590
1567496684.951048851013184
1567496685.051464796066284
1567496685.250755786895752
1567496685.350663661956787
1567496685.650307416915894
1567496685.750405550003052
1567496685.950722932815552
1567496686.051135301589966
1567496686.150757789611816
1567496686.650490283966064
1567496686.850648403167725
1567496687.050990343093872
1567496687.150660753250122
1567496687.650815963745117
1567496687.750786542892456
1567496687.850214481353760
1567496688.150410175323486
1567496688.349854707717896
1567496688.550834894180298
1567496688.750820875167847
1567496688.850930690765381
1567496689.051040649414062
1567496689.250915765762329
1567496690.050736904144287
1567496690.350442409515381
1567496690.450306415557861
1567496690.550256490707397
1567496690.750537395477295
1567496691.350033521652222
1567496691.550403833389282
1567496691.750342845916748
1567496691.850176095962524
1567496691.950533628463745
1567496692.050773620605469
1567496692.250309228897095
1567496692.350298881530762
1567496692.450213909149170
1567496692.550291538238525
1567496692.650429487228394
1567496693.250785827636719
1567496693.350495815277100
1567496693.450831890106201
1567496693.550687789916992
1567496693.650709390640259
1567496693.950350999832153
1567496694.050966262817383
1567496694.150809526443481
1567496694.350407600402832
1567496694.550631999969482
1567496694.750427484512329
1567496695.250353813171387
1567496695.350157499313354
1567496695.450552225112915
1567496695.550513267517090
1567496695.650308370590210
1567496695.750137090682983
1567496695.850159883499146
1567496695.950279712677002
1567496696.150443315505981
1567496696.250578641891479
1567496696.350292682647705
1567496696.450533628463745
1567496696.550624608993530
1567496696.650532007217407
1567496696.850462675094604
1567496696.950455665588379
1567496697.050590753555298
1567496697.150547504425049
1567496697.250555992126465
1567496697.450157880783081
1567496697.650192737579346
1567496697.750362873077393
1567496697.850497007369995
1567496698.050410270690918
1567496698.150571107864380
1567496698.250372648239136
1567496698.350350856781006
1567496698.450312614440918
1567496698.550494432449341
1567496698.650672912597656
1567496698.750663757324219
1567496698.850775480270386
1567496698.950763940811157
1567496699.050668239593506
1567496699.150604248046875
1567496699.250380277633667
1567496699.350342512130737
1567496699.450329542160034
1567496699.550318241119385
1567496699.650455474853516
1567496699.750714778900146
1567496699.850744247436523
1567496700.150677919387817
1567496700.250595808029175
1567496700.349952220916748
1567496700.450495719909668
1567496700.550667762756348
1567496700.650414705276489
1567496700.750310182571411
1567496700.950402498245239
1567496701.150406122207642
1567496701.250306606292725
1567496701.350301504135132
1567496701.450375080108643
1567496701.550720214843750
1567496701.650759458541870
1567496701.750737428665161
1567496701.850507736206055
1567496702.050379991531372
1567496702.250445842742920
1567496702.350368499755859
1567496702.450371026992798
1567496702.550295352935791
1567496702.650393962860107
1567496702.750370740890503
1567496702.850469350814819
1567496702.950561285018921
1567496703.050842523574829
1567496703.150672197341919
1567496703.250701665878296
1567496703.450613737106323
1567496703.550598859786987
1567496703.650550127029419
1567496703.750439643859863
1567496703.850538969039917
1567496703.950566768646240
1567496704.050607919692993
1567496704.150565385818481
1567496704.250638961791992
1567496704.350607156753540
1567496704.450553655624390
1567496704.550982952117920
1567496704.650511264801025
1567496704.750396490097046
1567496704.850349426269531
1567496704.950366497039795
1567496705.050267457962036
1567496705.250690698623657
1567496705.350795507431030
1567496705.450720548629761
1567496705.550890445709229
1567496705.650571346282959
1567496705.849910974502563
1567496705.950427055358887
1567496706.050312042236328
1567496706.150329828262329
1567496706.250273942947388
1567496706.349718332290649
1567496706.450409412384033
1567496706.550827980041504
1567496706.650516033172607
1567496706.750528335571289
1567496706.850789308547974
1567496706.950720787048340
1567496707.050766944885254
1567496707.150357961654663
1567496707.250193119049072
1567496707.349944353103638
1567496707.450395345687866
1567496707.550821304321289
1567496707.650428771972656
1567496707.750347375869751
1567496707.850307941436768
1567496707.950363874435425
1567496708.050829410552979
1567496708.150290489196777
1567496708.250399827957153
1567496708.350333213806152
1567496708.450407981872559
1567496708.550409555435181
1567496708.650547504425049
1567496708.750678062438965
1567496708.850037813186646
1567496708.950664043426514
1567496709.050701379776001
1567496709.150848150253296
1567496709.250694036483765
1567496709.350889205932617
1567496709.450982093811035
1567496709.551217079162598
1567496709.651072978973389
1567496709.751005887985229
1567496709.850707530975342
1567496709.950775623321533
1567496710.050510644912720
1567496710.150735616683960
1567496710.250836133956909
1567496710.350772619247437
1567496710.450746297836304
1567496710.550692319869995
1567496710.650762081146240
1567496710.750821590423584
1567496710.850837469100952
1567496710.950617790222168
1567496711.050565719604492
1567496711.250550031661987
1567496711.350521802902222
1567496711.450523614883423
1567496711.650424242019653
1567496711.750581026077271
1567496711.850475072860718
1567496711.950432300567627
1567496712.050464630126953
1567496712.150437116622925
1567496712.250597476959229
1567496712.350712299346924
1567496712.450727224349976
1567496712.551039457321167
1567496712.651043176651001
1567496712.850951910018921
1567496713.050799131393433
1567496713.451118707656860
1567496713.850858688354492
1567496714.551078081130981
1567496714.751102924346924
1567496714.950983762741089
1567496715.150570392608643
1567496715.350130081176758
1567496715.550999641418457
1567496715.751155853271484
1567496715.951303482055664
1567496716.158671617507935
1567496716.358473300933838
1567496716.758584022521973
1567496717.258425235748291
1567496717.958409309387207
1567496718.158580780029297
1567496718.350894689559937
1567496718.550720930099487
1567496718.750863790512085
1567496718.950708150863647
1567496719.150854587554932
1567496719.351040363311768
1567496719.551335573196411
1567496719.750626564025879
1567496719.950755357742310
1567496720.350947618484497
1567496720.551603555679321
1567496720.750867128372192
1567496720.950924634933472
1567496721.150811195373535
1567496721.350705146789551
1567496721.650807380676270
1567496721.950838565826416
1567496722.150757551193237
1567496722.350746393203735
1567496722.550817489624023
1567496722.751048564910889
1567496722.950902462005615
1567496723.350955009460449
1567496723.651001691818237
1567496723.850642442703247
1567496724.050636291503906
1567496724.350510597229004
1567496724.550565958023071
1567496724.750711917877197
1567496724.950798273086548
1567496725.150758504867554
1567496725.350632429122925
1567496725.550377368927002
1567496725.750350475311279
1567496725.950629234313965
1567496726.150845289230347
1567496726.350913524627686
1567496726.550403356552124
1567496726.750513553619385
1567496726.950757265090942
1567496727.150900840759277
1567496727.350723743438721
1567496727.549926757812500
1567496727.750293731689453
1567496727.950524568557739
1567496728.150913715362549
1567496728.351080656051636
1567496728.550369262695312
1567496728.751013040542603
1567496729.050681352615356
1567496729.251062154769897
1567496729.450812339782715
1567496729.650582075119019
1567496729.850762128829956
1567496730.050457715988159
1567496730.250743627548218
1567496730.450784921646118
1567496730.750963687896729
1567496730.951081991195679
1567496731.150937557220459
1567496731.350904941558838
1567496731.550956487655640
1567496731.751060724258423
1567496732.151042699813843
1567496732.350728511810303
1567496732.550359249114990
1567496732.751014947891235
1567496733.251085758209229
1567496733.451104402542114
1567496733.650990247726440
1567496733.850910425186157
1567496734.150728464126587
1567496734.350802659988403
1567496734.550201177597046
1567496734.850913524627686
1567496735.050894737243652
1567496735.250766992568970
1567496735.450822353363037
1567496735.651081323623657
1567496735.851169109344482
1567496736.050335407257080
1567496736.250912427902222
1567496736.550417184829712
1567496736.750989675521851
1567496736.950857877731323
1567496737.550662994384766
1567496737.751008272171021
1567496737.950901985168457
1567496738.250971555709839
1567496738.650742053985596
1567496738.850770235061646
1567496739.150835514068604
1567496739.350941419601440
1567496739.550769567489624
1567496739.850716114044189
1567496740.151008844375610
1567496740.351038217544556
1567496740.550670623779297
1567496740.750778198242188
1567496740.951113700866699
1567496741.251194000244141
1567496741.451158046722412
1567496741.650941371917725
1567496741.850712776184082
1567496742.050869226455688
1567496742.350886344909668
1567496742.650827169418335
1567496742.850892066955566
1567496743.050786495208740
1567496743.550114631652832
1567496743.750906229019165
1567496744.051266670227051
1567496744.251154661178589
1567496744.451292753219604
1567496744.651291131973267
1567496744.851573467254639
1567496745.051008224487305
1567496745.251412153244019
1567496745.451460123062134
1567496745.651440620422363
1567496745.951316595077515
1567496746.151121139526367
1567496746.351274251937866
1567496746.550743341445923
1567496746.951368808746338
1567496747.151077747344971
1567496747.351225137710571
1567496747.551786661148071
1567496747.751830816268921
1567496747.951564550399780
1567496748.151488304138184
1567496748.351336240768433
1567496748.551020622253418
1567496748.751049280166626
1567496749.051462173461914
1567496749.251564264297485
1567496749.451327323913574
1567496749.650984287261963
1567496749.850835084915161
1567496750.050806760787964
1567496750.251391649246216
1567496750.451413393020630
1567496750.651169300079346
1567496750.850950479507446
1567496751.051172971725464
1567496751.252023220062256
1567496751.451389074325562
1567496751.651107072830200
1567496751.851007223129272
1567496752.050870418548584
1567496752.251525402069092
1567496752.451321125030518
1567496752.751016139984131
1567496752.951012611389160
1567496753.151283740997314
1567496753.351305723190308
1567496753.651588201522827
1567496753.856221199035645
1567496754.055795431137085
1567496754.355618476867676
1567496754.555193185806274
1567496754.755363225936890
1567496754.956180334091187
1567496755.156047344207764
1567496755.355844020843506
1567496755.554750919342041
1567496755.755402326583862
1567496755.955511808395386
1567496756.155924081802368
1567496756.355950117111206
1567496756.555997371673584
1567496756.755531311035156
1567496756.955439567565918
1567496757.155507564544678
1567496757.355569362640381
1567496757.555710792541504
1567496757.755592107772827
1567496757.951033592224121
1567496758.150772809982300
1567496758.350784301757812
1567496758.550937414169312
1567496758.751327753067017
1567496758.951374769210815
1567496759.151156187057495
1567496759.350879907608032
1567496759.550677776336670
1567496759.750814914703369
1567496759.950970649719238
1567496760.151220083236694
1567496760.351224660873413
1567496760.550936937332153
1567496760.750774860382080
1567496761.050584316253662
1567496761.251017570495605
1567496761.451202154159546
1567496761.651226043701172
1567496761.851204633712769
1567496762.050791501998901
1567496762.251127004623413
1567496762.451123476028442
1567496762.651298284530640
1567496762.851451396942139
1567496763.050709724426270
1567496763.251107931137085
1567496763.451208591461182
1567496763.751470804214478
1567496763.951209068298340
1567496764.151214122772217
1567496764.351227998733521
1567496764.550617933273315
1567496764.751395940780640
1567496764.951241731643677
1567496765.150875806808472
1567496765.350763082504272
1567496765.550986766815186
1567496765.751185655593872
1567496765.951367855072021
1567496766.151585102081299
1567496766.557102441787720
1567496766.757596731185913
1567496767.057053804397583
1567496767.357212066650391
1567496767.557237148284912
1567496767.857351064682007
1567496768.357511997222900
1567496768.557773113250732
1567496768.758028745651245
1567496768.957458257675171
1567496769.157456874847412
1567496769.757390022277832
1567496769.957068204879761
1567496770.157566785812378
1567496770.357686519622803
1567496770.557806015014648
1567496770.757699251174927
1567496771.157711267471313
1567496771.357376813888550
1567496771.557634830474854
1567496771.757684469223022
1567496771.957272529602051
1567496772.257744550704956
1567496772.457155227661133
1567496772.657476186752319
1567496772.857460260391235
1567496773.057258129119873
1567496773.257345438003540
1567496773.457479476928711
1567496773.657260894775391
1567496773.857268571853638
1567496774.457536458969116
1567496774.657604455947876
1567496774.857464313507080
1567496775.157532691955566
1567496775.457699775695801
1567496775.757862567901611
1567496776.057512521743774
1567496776.357503652572632
1567496776.657723426818848
1567496776.957671165466309
1567496777.357442378997803
1567496777.657791852951050
1567496777.957575082778931
1567496778.452665805816650
1567496778.853418588638306
1567496779.352569341659546
1567496779.752923727035522
1567496780.153167963027954
1567496780.552896738052368
1567496780.952975988388062
1567496781.352836132049561
1567496781.753092050552368
1567496782.152654170989990
1567496782.653043031692505
1567496783.253043174743652
