1566535934.648277282714844
1566535941.055895566940308
1566535941.656041383743286
1566535942.055830717086792
1566535942.448436737060547
1566535942.748127937316895
1566535943.048439264297485
1566535943.348237514495850
1566535943.648347854614258
1566535943.948138713836670
1566535944.147944927215576
1566535944.347834348678589
1566535944.548265457153320
1566535944.749813795089722
1566535944.951436519622803
1566535945.153150796890259
1566535945.353802680969238
1566535945.555451154708862
1566535945.755739927291870
1566535945.955966472625732
1566535946.155935764312744
1566535946.355957031250000
1566535946.555793523788452
1566535946.756139516830444
1566535946.956138849258423
1566535947.156087636947632
1566535947.355966567993164
1566535947.656106948852539
1566535947.856045007705688
1566535948.055777788162231
1566535948.255899906158447
1566535948.448114871978760
1566535948.648638486862183
1566535948.848767280578613
1566535949.047936916351318
1566535949.247967958450317
1566535949.447744369506836
1566535949.647802829742432
1566535949.847999334335327
1566535950.047868013381958
1566535950.248493909835815
1566535950.448332786560059
1566535950.648195743560791
1566535950.848257780075073
1566535951.047395944595337
1566535951.248289108276367
1566535951.448795557022095
1566535951.648550987243652
1566535951.848606824874878
1566535952.048359155654907
1566535952.248338460922241
1566535952.448486089706421
1566535952.648535251617432
1566535952.849954128265381
1566535953.049785137176514
1566535953.256027698516846
1566535953.452833890914917
1566535953.652885675430298
1566535953.852969408035278
1566535954.052171945571899
1566535954.254132986068726
1566535954.452970504760742
1566535954.652620792388916
1566535954.852660179138184
1566535955.052768468856812
1566535955.252834081649780
1566535955.452606439590454
1566535955.752414941787720
1566535955.948120355606079
1566535956.148103237152100
1566535956.348308324813843
1566535956.547726154327393
1566535956.748306512832642
1566535956.948012590408325
1566535957.348060131072998
1566535957.648420572280884
1566535957.848233222961426
1566535958.048090457916260
1566535958.248082637786865
1566535958.548253536224365
1566535958.748393297195435
1566535958.948552608489990
1566535959.148420810699463
1566535959.348162651062012
1566535959.548198699951172
1566535959.748394250869751
1566535959.948443174362183
1566535960.151321887969971
1566535960.351129293441772
1566535960.551216363906860
1566535960.751677036285400
1566535960.951372385025024
1566535961.153515100479126
1566535961.353257417678833
1566535961.552630424499512
1566535961.752946853637695
1566535961.952804327011108
1566535962.152963399887085
1566535962.352801084518433
1566535962.552668571472168
1566535962.754056930541992
1566535962.955806493759155
1566535963.148252964019775
1566535963.348325490951538
1566535963.847703218460083
1566535964.047789335250854
1566535964.247888326644897
1566535964.447674989700317
1566535964.647729158401489
1566535964.847878694534302
1566535965.048043966293335
1566535965.248100042343140
1566535965.447982311248779
1566535965.648269414901733
1566535965.848299264907837
1566535966.048289775848389
1566535966.250139951705933
1566535966.449655771255493
1566535966.649797677993774
1566535966.849774599075317
1566535967.050017118453979
1566535967.250049829483032
1566535967.449908256530762
1566535967.649670600891113
1566535967.849813461303711
1566535968.049919843673706
1566535968.248876571655273
1566535968.449882268905640
1566535968.649882555007935
1566535968.951130867004395
1566535969.150996685028076
1566535969.350997209548950
1566535969.551002025604248
1566535969.750658988952637
1566535969.951411247253418
1566535970.151218652725220
1566535970.351161241531372
1566535970.552692174911499
1566535970.752694845199585
1566535970.954835176467896
1566535971.152637481689453
1566535971.354328393936157
1566535971.554327487945557
1566535971.754313230514526
1566535971.955273628234863
1566535972.155199766159058
1566535972.355294466018677
1566535972.555424928665161
1566535972.855642318725586
1566535973.055520772933960
1566535973.255580186843872
1566535973.455740928649902
1566535973.655770540237427
1566535973.855769872665405
1566535974.055741786956787
1566535974.355837583541870
1566535974.551037788391113
1566535974.751390457153320
1566535974.953262090682983
1566535975.154135227203369
1566535975.354121446609497
1566535975.555407524108887
1566535975.755174875259399
1566535975.955629825592041
1566535976.150978326797485
1566535976.351093053817749
1566535976.554012298583984
1566535976.753960371017456
1566535976.953908443450928
1566535977.155590772628784
1566535977.355372190475464
1566535977.555451869964600
1566535977.747231006622314
1566535977.947779178619385
1566535978.147823095321655
1566535978.347759008407593
1566535978.652510404586792
1566535978.854089260101318
1566535979.053682088851929
1566535979.253958702087402
1566535979.447599649429321
1566535979.647331476211548
1566535979.847684383392334
1566535980.247951984405518
1566535980.547867059707642
1566535980.747747421264648
1566535980.947889566421509
1566535981.347849130630493
1566535981.553753614425659
1566535981.753689527511597
1566535982.055384159088135
1566535982.255500555038452
1566535982.447408676147461
1566535982.747540712356567
1566535983.047507524490356
1566535983.547971725463867
1566535983.749368906021118
1566535984.049277544021606
1566535984.350825309753418
1566535984.550702810287476
1566535984.752077579498291
1566535984.952160596847534
1566535985.152619361877441
1566535985.352374792098999
1566535985.651927947998047
1566535985.853690624237061
1566535986.053694963455200
1566535986.254093408584595
1566535986.453239917755127
1566535986.855339050292969
1566535987.055308341979980
1566535987.247421264648438
1566535987.447516679763794
1566535987.747408151626587
1566535987.946752786636353
1566535988.247522354125977
1566535988.647329807281494
1566535989.048015356063843
1566535989.248060464859009
1566535989.547698736190796
1566535989.749072790145874
1566535989.948250055313110
1566535990.449337005615234
1566535990.649381399154663
1566535990.848849296569824
1566535991.249000549316406
1566535991.450657844543457
1566535991.650798320770264
1566535991.852375268936157
1566535992.052266120910645
1566535992.252191066741943
1566535992.447570323944092
1566535992.647408246994019
1566535992.847181797027588
1566535993.047668933868408
1566535993.247606039047241
1566535993.448103189468384
1566535993.648804664611816
1566535993.848752975463867
1566535994.050400733947754
1566535994.250463962554932
1566535994.449686765670776
1566535994.651872158050537
1566535994.853477001190186
1566535995.546924352645874
1566535995.846978187561035
1566535996.347148895263672
1566535996.547457695007324
1566535996.747269630432129
1566535996.946349620819092
1566535997.146770477294922
1566535997.547152996063232
1566535997.847114562988281
1566535998.046992540359497
1566535998.348219156265259
1566535998.847117900848389
1566535999.146712779998779
1566535999.448483943939209
1566535999.648618221282959
1566535999.848706722259521
1566536000.048677444458008
1566536000.348588228225708
1566536000.753276109695435
1566536000.953011751174927
1566536001.147045850753784
1566536001.446868896484375
1566536001.646490812301636
1566536001.847011566162109
1566536002.047091484069824
1566536002.348434209823608
1566536002.750041246414185
1566536002.951725482940674
1566536003.251834154129028
1566536003.451374292373657
1566536003.751387834548950
1566536004.150694608688354
1566536004.551252841949463
1566536004.751449584960938
1566536004.946422815322876
1566536005.146028518676758
1566536005.346401453018188
1566536005.546384811401367
1566536005.746387481689453
1566536005.946431159973145
1566536006.246609687805176
1566536006.546518802642822
1566536006.846916437149048
1566536007.246536731719971
1566536007.546526670455933
1566536007.845840454101562
1566536008.145850419998169
1566536008.446077108383179
1566536008.746182441711426
1566536009.046306848526001
1566536009.346430301666260
1566536009.646028280258179
1566536009.945947885513306
1566536010.146332263946533
1566536010.646445989608765
1566536010.846837282180786
1566536011.046376943588257
1566536011.246154546737671
1566536011.546448707580566
1566536011.746379375457764
1566536012.046418428421021
1566536012.246284961700439
1566536012.446258783340454
1566536012.646270036697388
1566536012.846142768859863
1566536013.146046161651611
1566536013.346626996994019
1566536013.745939493179321
1566536014.046121120452881
1566536014.546089649200439
1566536014.746252298355103
1566536014.946107625961304
1566536015.345953702926636
1566536015.646441698074341
1566536016.046284198760986
1566536016.446309566497803
1566536016.645592212677002
1566536016.946177721023560
1566536017.146363019943237
1566536017.345991849899292
1566536017.546514034271240
1566536017.747760057449341
1566536017.947526216506958
1566536018.148940563201904
1566536018.750851631164551
1566536019.252181053161621
1566536019.453963279724121
1566536019.745920419692993
1566536020.446439743041992
1566536020.654041290283203
1566536021.245769739151001
1566536022.046262502670288
1566536022.246165990829468
1566536022.446196079254150
1566536022.745755910873413
1566536022.945640087127686
1566536023.645766258239746
1566536023.845286369323730
1566536024.046046972274780
1566536024.245652437210083
1566536024.545466661453247
1566536024.945461511611938
1566536025.345086812973022
1566536025.645963191986084
1566536025.845344543457031
1566536026.046439886093140
1566536026.445755958557129
1566536026.645816802978516
1566536026.945702075958252
1566536027.347349166870117
1566536027.547524690628052
1566536027.848310708999634
1566536028.048913478851318
1566536028.548535346984863
1566536028.951605081558228
1566536029.151578664779663
1566536029.351655006408691
1566536030.045431852340698
1566536030.445620298385620
1566536030.945960521697998
1566536031.645597457885742
1566536031.845907449722290
1566536032.045915842056274
1566536032.246112346649170
1566536032.545983314514160
1566536033.145611047744751
1566536033.345777511596680
1566536033.745787620544434
1566536034.046892404556274
1566536034.347244501113892
1566536034.647097587585449
1566536034.949012994766235
1566536035.348690748214722
1566536035.950382709503174
1566536036.252025127410889
1566536037.247571945190430
1566536037.748932123184204
1566536038.050125837326050
1566536038.250500679016113
1566536038.450520515441895
1566536038.650451421737671
1566536038.850441694259644
1566536039.450302600860596
1566536039.850147247314453
1566536040.353454828262329
1566536040.653374671936035
1566536041.053402185440063
1566536041.253435611724854
1566536041.453347921371460
1566536041.745586633682251
1566536041.945422649383545
1566536042.145262956619263
1566536042.545853376388550
1566536042.746534585952759
1566536042.945793390274048
1566536043.147222280502319
1566536043.347192764282227
1566536043.546580791473389
1566536043.748153924942017
1566536043.948218107223511
1566536044.148479461669922
1566536044.348819255828857
1566536044.548126459121704
1566536045.150129318237305
1566536045.350056886672974
1566536045.550025939941406
1566536045.850048303604126
1566536046.150383710861206
1566536046.350073575973511
1566536046.549952030181885
1566536046.950092077255249
1566536047.149973869323730
1566536047.349920749664307
1566536047.550119161605835
1566536047.749809741973877
1566536047.950201034545898
1566536048.250078201293945
1566536048.650335788726807
1566536048.850510835647583
1566536049.150140047073364
1566536049.349831104278564
1566536049.649812698364258
1566536049.950324773788452
1566536050.350162744522095
1566536050.849964857101440
1566536051.151399850845337
1566536051.351488590240479
1566536051.551448583602905
1566536051.750723838806152
1566536051.953740358352661
1566536052.152861356735229
1566536052.352957010269165
1566536052.553109645843506
1566536052.753078937530518
1566536052.952900886535645
1566536053.152917861938477
1566536053.653105258941650
1566536053.953472137451172
1566536054.352855443954468
1566536054.552874565124512
1566536054.853160858154297
1566536055.052892923355103
1566536055.244401216506958
1566536055.445602655410767
1566536055.645395278930664
1566536055.845487356185913
1566536056.144973516464233
1566536056.545516252517700
1566536056.845524787902832
1566536057.045878171920776
1566536057.245712041854858
1566536057.445820093154907
1566536057.645583629608154
1566536057.845315933227539
1566536058.045333862304688
1566536058.247176885604858
1566536058.447236776351929
1566536058.647056341171265
1566536058.846814155578613
1566536059.046816349029541
1566536059.248586177825928
1566536059.449256181716919
1566536059.648401975631714
1566536059.850368022918701
1566536060.050254344940186
1566536060.250145435333252
1566536060.450032949447632
1566536060.650161504745483
1566536060.950281143188477
1566536061.150078773498535
1566536061.350120782852173
1566536061.550449609756470
1566536061.750268936157227
1566536061.950240850448608
1566536062.250016450881958
1566536062.449919462203979
1566536062.650136947631836
1566536062.851563453674316
1566536062.950748443603516
1566536063.051447391510010
1566536063.251725673675537
1566536063.351636409759521
1566536063.451748609542847
1566536063.651618957519531
1566536063.745111227035522
1566536063.845256805419922
1566536063.945149660110474
1566536064.045606851577759
1566536064.145423889160156
1566536064.245481491088867
1566536064.444862365722656
1566536064.545614242553711
1566536064.645619630813599
1566536064.747180223464966
1566536064.847382068634033
1566536065.047248601913452
1566536065.147144794464111
1566536065.247165918350220
1566536065.347348451614380
1566536065.447232723236084
1566536065.547172069549561
1566536065.947033405303955
1566536066.246961116790771
1566536066.346940755844116
1566536066.447122335433960
1566536066.547244787216187
1566536066.648833036422729
1566536066.748597860336304
1566536066.850131034851074
1566536066.950242519378662
1566536067.050239801406860
1566536067.150360107421875
1566536067.350046873092651
1566536067.449284791946411
1566536067.549844264984131
1566536067.649886608123779
1566536067.749894618988037
1566536067.849828958511353
1566536067.950733900070190
1566536068.151537179946899
1566536068.251684188842773
1566536068.744875431060791
1566536069.744940042495728
1566536070.045073986053467
1566536070.145065784454346
1566536070.244966745376587
1566536070.344990015029907
1566536070.444770097732544
1566536070.545187234878540
1566536070.645603418350220
1566536070.745329380035400
1566536070.845297336578369
1566536070.944496393203735
1566536071.145012140274048
1566536071.245189666748047
1566536071.345287322998047
1566536071.545300483703613
1566536071.746683120727539
1566536071.845090389251709
1566536071.945071220397949
1566536072.045311689376831
1566536072.145427942276001
1566536072.245404005050659
1566536072.345297813415527
1566536072.444332122802734
1566536072.544989347457886
1566536072.644798517227173
1566536072.744974851608276
1566536072.845086097717285
1566536072.944504022598267
1566536073.045202732086182
1566536073.145383596420288
1566536073.345540285110474
1566536073.545384407043457
1566536073.745553970336914
1566536073.945443630218506
1566536074.447022914886475
1566536074.748129606246948
1566536074.948256731033325
1566536075.249774932861328
1566536075.454425334930420
1566536075.650723934173584
1566536076.052826166152954
1566536076.644587993621826
1566536076.844917058944702
1566536077.344643831253052
1566536077.544720649719238
1566536078.644374608993530
1566536079.248206853866577
1566536079.549631834030151
1566536079.749415636062622
1566536079.949392795562744
1566536080.148745298385620
1566536080.449897527694702
1566536080.749459743499756
1566536080.949574947357178
1566536081.149126052856445
1566536081.451114416122437
1566536081.651239871978760
1566536081.851446866989136
1566536082.045252323150635
1566536082.245463132858276
1566536082.448199510574341
1566536082.647619009017944
1566536082.848401546478271
1566536083.047999143600464
1566536083.247971296310425
1566536083.447935819625854
1566536083.648050069808960
1566536084.048282146453857
1566536084.445001125335693
1566536085.445314884185791
1566536085.745143890380859
1566536085.945399284362793
1566536086.146353483200073
1566536086.348574638366699
1566536086.549896478652954
1566536086.751273155212402
1566536086.951661348342896
1566536087.251434803009033
1566536087.451042652130127
1566536087.644469976425171
1566536087.844775676727295
1566536088.444993734359741
1566536088.645055770874023
1566536088.844955205917358
1566536089.044954061508179
1566536089.245037078857422
1566536089.545054912567139
1566536089.944843053817749
1566536090.144809007644653
1566536090.344561576843262
1566536090.744797706604004
1566536091.545393466949463
1566536091.845595836639404
1566536092.045698404312134
1566536092.251640558242798
1566536092.451592206954956
1566536092.651888608932495
1566536092.851825714111328
1566536093.051523447036743
1566536093.251396179199219
1566536093.551519155502319
1566536093.752943277359009
1566536094.152845621109009
1566536094.345045328140259
1566536094.745096921920776
1566536095.144758462905884
1566536095.344690084457397
1566536095.544926404953003
1566536095.744784593582153
1566536095.945048809051514
1566536096.146770000457764
1566536096.346141338348389
1566536096.546762704849243
1566536096.746798515319824
1566536096.947020292282104
1566536097.146631240844727
1566536097.345826625823975
1566536097.548422098159790
1566536097.748113393783569
1566536097.948289632797241
1566536098.248210906982422
1566536098.450001955032349
1566536098.844480037689209
1566536099.044707536697388
1566536099.244481801986694
1566536099.444710969924927
1566536099.644859075546265
1566536099.846902608871460
1566536100.146589279174805
1566536100.345561265945435
1566536100.647970914840698
1566536100.847905635833740
1566536101.248164176940918
1566536101.548348903656006
1566536101.848392486572266
1566536102.048623561859131
1566536102.248527050018311
1566536102.448680400848389
1566536102.652920246124268
1566536102.952865839004517
1566536103.244984388351440
1566536103.444857358932495
1566536103.645054817199707
1566536103.945049285888672
1566536104.145068883895874
1566536104.345449447631836
1566536104.545647144317627
1566536104.745142221450806
1566536104.946915149688721
1566536105.147123336791992
1566536105.347006797790527
1566536105.546898603439331
1566536105.847021341323853
1566536106.147048234939575
1566536106.346799850463867
1566536106.646723985671997
1566536106.946783542633057
1566536107.246468067169189
1566536107.546526670455933
1566536107.847084522247314
1566536108.246695280075073
1566536108.646673440933228
1566536109.046507835388184
1566536109.648122549057007
1566536110.047788858413696
1566536110.448314666748047
1566536110.848207950592041
1566536111.248090028762817
1566536111.749596834182739
1566536112.051142930984497
1566536112.351135492324829
1566536112.651045322418213
1566536112.951365709304810
1566536113.244825601577759
1566536113.444592475891113
1566536113.644712686538696
1566536113.844709396362305
1566536114.044071912765503
1566536114.244921445846558
1566536114.444712877273560
1566536114.745336294174194
1566536115.144846439361572
1566536115.544419527053833
1566536115.745731115341187
1566536115.944995880126953
1566536116.144978523254395
1566536116.344819784164429
1566536116.644797325134277
1566536116.844939470291138
1566536117.044854164123535
1566536117.244823217391968
1566536117.444679737091064
1566536117.644944667816162
1566536117.945013284683228
1566536118.145203113555908
1566536118.345273494720459
1566536118.544445753097534
1566536118.746968984603882
1566536118.946420907974243
1566536119.146386384963989
1566536119.348034620285034
1566536119.548039436340332
1566536119.748080730438232
1566536119.948139429092407
1566536120.148200988769531
1566536120.649275541305542
1566536120.849257469177246
1566536121.150881052017212
1566536121.551322221755981
1566536121.851346015930176
1566536122.051234483718872
1566536122.252285718917847
1566536123.052659511566162
1566536123.252406597137451
1566536123.452632904052734
1566536123.644836664199829
1566536124.444515943527222
1566536124.844530105590820
1566536125.149612426757812
1566536125.449542284011841
1566536125.649503946304321
1566536125.849642515182495
1566536126.044788122177124
1566536126.344653606414795
1566536126.544482231140137
1566536126.744975805282593
1566536127.145123243331909
1566536127.545057058334351
1566536127.744985580444336
1566536127.945129156112671
1566536128.145284414291382
1566536128.345167875289917
1566536128.544980287551880
1566536128.844654321670532
1566536129.044584751129150
1566536129.344594717025757
1566536129.544683456420898
1566536129.744634389877319
1566536129.944827556610107
1566536130.144764423370361
1566536130.444673538208008
1566536130.844703674316406
1566536131.144710540771484
1566536131.344686031341553
1566536131.644655942916870
1566536132.346248865127563
1566536132.645864248275757
1566536132.947395324707031
1566536133.145812034606934
1566536133.446249485015869
1566536133.746713876724243
1566536133.949021339416504
1566536134.149262666702271
1566536134.349320173263550
1566536134.649188756942749
1566536134.950804471969604
1566536135.250752925872803
1566536135.452320814132690
1566536135.652367591857910
1566536135.851936578750610
1566536136.044012308120728
1566536136.244255065917969
1566536136.444470643997192
1566536136.844479560852051
1566536137.144417047500610
1566536137.344512462615967
1566536137.544432640075684
1566536137.743484973907471
1566536137.843975305557251
1566536137.944024085998535
1566536138.144562959671021
1566536138.346122026443481
1566536138.547611474990845
1566536138.847613096237183
1566536138.947357177734375
1566536139.044017553329468
1566536139.244123458862305
1566536139.344412326812744
1566536139.944175958633423
1566536140.044225215911865
1566536140.447762012481689
1566536140.747678279876709
1566536140.847426891326904
1566536140.947305202484131
1566536141.247364282608032
1566536141.347370862960815
1566536141.548963785171509
1566536141.649036169052124
1566536141.949095010757446
1566536142.348945856094360
1566536142.748710393905640
1566536143.148573398590088
1566536143.350339174270630
1566536143.550366640090942
1566536143.750463962554932
1566536144.050369501113892
1566536144.350503444671631
1566536144.550377368927002
1566536145.051862716674805
1566536146.244091749191284
1566536146.445387840270996
1566536146.843813180923462
1566536147.043763160705566
1566536147.344021320343018
1566536147.643964052200317
1566536147.943431615829468
1566536148.144502639770508
1566536148.348520755767822
1566536148.548413753509521
1566536148.750136852264404
1566536148.950089693069458
1566536149.150396108627319
1566536149.350248813629150
1566536149.750169754028320
1566536149.951874971389771
1566536150.151869535446167
1566536150.351828813552856
1566536150.551595687866211
1566536150.751581907272339
1566536150.951101303100586
1566536151.151655435562134
1566536151.551531076431274
1566536151.743588209152222
1566536151.943682193756104
1566536152.143713474273682
1566536152.643884658813477
1566536152.843825578689575
1566536153.043839216232300
1566536153.243718862533569
1566536153.644363880157471
1566536153.843930721282959
1566536154.043977022171021
1566536154.243925333023071
1566536154.443989038467407
1566536154.643915414810181
1566536154.943763732910156
1566536155.145470857620239
1566536155.347317457199097
1566536155.647222280502319
1566536155.847086191177368
1566536156.047069549560547
1566536156.247061729431152
1566536156.546863794326782
1566536156.848428726196289
1566536157.249994993209839
1566536157.451353788375854
1566536157.651545047760010
1566536157.851546049118042
1566536158.051059961318970
1566536158.351496219635010
1566536158.551510334014893
1566536158.751474142074585
1566536158.951338768005371
1566536159.151012182235718
1566536159.451527833938599
1566536159.651407957077026
1566536159.943369865417480
1566536160.143138647079468
1566536160.543292522430420
1566536160.943493843078613
1566536161.443672657012939
1566536161.743467569351196
1566536161.943197727203369
1566536162.143172979354858
1566536162.343770027160645
1566536162.545252323150635
1566536162.745033264160156
1566536162.947908163070679
1566536163.248223304748535
1566536163.443347215652466
1566536163.644753694534302
1566536163.845197677612305
1566536164.045015096664429
1566536164.345250606536865
1566536164.544960260391235
1566536164.745294332504272
1566536164.944923162460327
1566536165.145017385482788
1566536165.345585823059082
1566536165.545099258422852
1566536165.744930028915405
1566536165.945172309875488
1566536166.245308160781860
1566536166.445069789886475
1566536166.644293546676636
1566536166.845051765441895
1566536167.144753217697144
1566536167.346539497375488
1566536167.546291112899780
1566536167.746458768844604
1566536167.946480035781860
1566536168.146544218063354
1566536168.446601629257202
1566536168.646088123321533
1566536169.350039720535278
1566536170.249516725540161
1566536170.449444770812988
1566536170.649540185928345
1566536170.849798917770386
1566536171.150774478912354
1566536171.350503444671631
1566536171.550914525985718
1566536171.742964267730713
1566536171.942961931228638
1566536172.143007040023804
1566536172.543057680130005
1566536172.842729806900024
1566536173.143185138702393
1566536173.342965364456177
1566536173.543035507202148
1566536173.842215776443481
1566536174.142976045608521
1566536174.343139410018921
1566536174.543297290802002
1566536174.744568109512329
1566536174.944680452346802
1566536175.144686698913574
1566536175.346147537231445
1566536175.547730445861816
1566536175.747834205627441
1566536176.143256902694702
1566536176.543197154998779
1566536176.742964506149292
1566536176.943469047546387
1566536177.243086099624634
1566536177.443274497985840
1566536177.743533611297607
1566536177.944550514221191
1566536178.249149322509766
1566536178.549806833267212
1566536178.949447154998779
1566536179.549479484558105
1566536180.750520229339600
1566536181.051153421401978
1566536181.251191377639771
1566536181.551093339920044
1566536181.950335979461670
1566536182.242669820785522
1566536182.542881488800049
1566536183.042894601821899
1566536183.342872858047485
1566536183.742771863937378
1566536184.242742538452148
1566536184.444346189498901
1566536184.644534349441528
1566536184.844505786895752
1566536185.045790195465088
1566536185.346045494079590
1566536185.746092081069946
1566536186.045758008956909
1566536186.246051549911499
1566536186.446406364440918
1566536186.646337747573853
1566536186.845582246780396
1566536187.046519279479980
1566536187.947744369506836
1566536188.347335577011108
1566536188.848822832107544
1566536189.048890352249146
1566536189.248918056488037
1566536189.449036359786987
1566536189.849025011062622
1566536190.249017715454102
1566536190.748622655868530
1566536191.348927259445190
1566536191.548767089843750
1566536191.950423002243042
1566536192.444136857986450
1566536192.644353866577148
1566536192.844436407089233
1566536193.145555019378662
1566536193.445551156997681
1566536193.745916604995728
1566536194.050126791000366
1566536194.442456007003784
1566536194.842177629470825
1566536195.242537736892700
1566536195.944272041320801
1566536196.545249223709106
1566536196.845776557922363
1566536197.147132635116577
1566536198.042398452758789
1566536198.342463731765747
1566536198.642358303070068
1566536199.042680263519287
1566536199.442760229110718
1566536199.642959594726562
1566536199.844068527221680
1566536200.144026279449463
1566536200.744098186492920
1566536200.944158792495728
1566536201.145589828491211
1566536201.749969720840454
1566536201.949901342391968
1566536202.143857717514038
1566536202.342563390731812
1566536202.542558670043945
1566536202.742328882217407
1566536202.942028045654297
1566536203.142094612121582
1566536203.442472696304321
1566536203.645545482635498
1566536203.841868400573730
1566536204.042688846588135
1566536204.242223024368286
1566536204.642341136932373
1566536204.943938970565796
1566536205.143838644027710
1566536205.343644142150879
1566536205.743891716003418
1566536205.944068431854248
1566536206.143615722656250
1566536206.343386411666870
1566536206.543483018875122
1566536206.844029664993286
1566536207.043838262557983
1566536207.243230819702148
1566536207.443757534027100
1566536207.943679571151733
1566536208.143617630004883
1566536208.343665122985840
1566536208.543293476104736
1566536208.843982934951782
1566536209.343728780746460
1566536209.643757343292236
1566536210.043883323669434
1566536210.243450164794922
1566536210.444164037704468
1566536210.543913125991821
1566536210.844007015228271
1566536210.944270372390747
1566536211.243920326232910
1566536211.343898534774780
1566536211.543920040130615
1566536211.844057083129883
1566536211.944851398468018
1566536212.048517465591431
1566536212.148494243621826
1566536212.248378515243530
1566536212.448129892349243
1566536212.548109292984009
1566536212.648257493972778
1566536213.048352718353271
1566536213.148252487182617
1566536213.247897148132324
1566536213.348223447799683
1566536213.648459672927856
1566536213.748540639877319
1566536214.148266792297363
1566536214.248327255249023
1566536214.448625326156616
1566536214.648665666580200
1566536215.048416614532471
1566536215.148294448852539
1566536215.448777675628662
1566536215.648540496826172
1566536215.748494148254395
1566536216.049715757369995
1566536216.149858474731445
1566536216.248920917510986
1566536216.549747705459595
1566536216.649819850921631
1566536216.850135326385498
1566536216.950071096420288
1566536217.049998283386230
1566536217.149845838546753
1566536217.249686956405640
1566536217.443268537521362
1566536217.743647813796997
1566536218.244677782058716
1566536218.345597982406616
1566536218.545238971710205
1566536218.745273351669312
1566536219.245174884796143
1566536219.746786355972290
1566536219.846700906753540
1566536219.946159124374390
1566536220.146601438522339
1566536220.246608734130859
1566536220.748328447341919
1566536220.848376274108887
1566536220.947968244552612
1566536221.048387527465820
1566536221.148423910140991
1566536221.248324632644653
1566536221.348207950592041
1566536221.448293924331665
1566536221.548390865325928
1566536221.648411750793457
1566536221.748401165008545
1566536221.848349809646606
1566536221.947650909423828
1566536222.048116445541382
1566536222.148087024688721
1566536222.248100042343140
1566536222.349660873413086
1566536222.441624402999878
1566536222.542083740234375
1566536222.642193555831909
1566536222.742108821868896
1566536222.842101335525513
1566536222.941019058227539
1566536223.041746377944946
1566536223.141631841659546
1566536223.241694450378418
1566536223.542029142379761
1566536223.642009019851685
1566536223.942841768264771
1566536224.143863439559937
1566536224.244007110595703
1566536224.443747520446777
1566536224.643516302108765
1566536224.843587875366211
1566536225.145588159561157
1566536225.345284461975098
1566536225.545348167419434
1566536225.745198011398315
1566536225.944591283798218
1566536226.249785423278809
1566536226.549865484237671
1566536226.741819381713867
1566536226.941833019256592
1566536227.142014265060425
1566536227.341979026794434
1566536227.541998624801636
1566536227.741984367370605
1566536228.242147684097290
1566536228.442158699035645
1566536228.642555236816406
1566536228.842489004135132
1566536229.142229795455933
1566536229.443208217620850
1566536229.743648529052734
1566536229.945465326309204
1566536230.245356559753418
1566536230.444238424301147
1566536230.644751310348511
1566536230.845019817352295
1566536231.045147657394409
1566536231.644904851913452
1566536231.844678878784180
1566536232.044734001159668
1566536232.245083093643188
1566536232.445292711257935
1566536232.746881246566772
1566536232.946425676345825
1566536233.346341133117676
1566536233.548027992248535
1566536233.942749261856079
1566536234.244958877563477
1566536234.444757223129272
1566536234.844842672348022
1566536235.144968271255493
1566536235.341241359710693
1566536235.641669034957886
1566536235.941424369812012
1566536236.241465568542480
1566536236.441721439361572
1566536236.841549634933472
1566536237.241415023803711
1566536237.441503286361694
1566536237.641195535659790
1566536237.841406822204590
1566536238.041462898254395
1566536238.441746473312378
1566536238.741936445236206
1566536239.043153524398804
1566536239.442937135696411
1566536239.642724037170410
1566536239.843258619308472
1566536240.043154478073120
1566536240.243165016174316
1566536240.543243885040283
1566536240.743216991424561
1566536240.943137645721436
1566536241.144630670547485
1566536241.344756841659546
1566536241.744843006134033
1566536241.944640159606934
1566536242.145569801330566
1566536242.346187591552734
1566536242.648655891418457
1566536243.041472434997559
1566536243.241542577743530
1566536243.441329240798950
1566536243.640823364257812
1566536243.841236114501953
1566536244.041053533554077
1566536244.241375207901001
1566536244.441635131835938
1566536244.741579532623291
1566536244.941600084304810
1566536245.140749931335449
1566536245.541845321655273
1566536245.742030620574951
1566536245.941668033599854
1566536246.140449285507202
1566536246.441325426101685
1566536246.641391038894653
1566536246.841794252395630
1566536247.041710138320923
1566536247.241573095321655
1566536247.441558599472046
1566536247.641386508941650
1566536247.841788768768311
1566536248.041659355163574
1566536248.342918395996094
1566536248.542923927307129
1566536248.742751836776733
1566536248.944264411926270
1566536249.143497228622437
1566536249.344377517700195
1566536249.544536590576172
1566536249.844483137130737
1566536250.044240474700928
1566536250.244282484054565
1566536250.447485923767090
1566536251.147217988967896
1566536251.447499513626099
1566536251.647637844085693
1566536252.247133493423462
1566536252.947546005249023
1566536253.247608423233032
1566536253.647567272186279
1566536254.447414636611938
1566536254.847063779830933
1566536255.247353792190552
1566536255.548055887222290
1566536255.941195249557495
1566536256.341235160827637
1566536256.741286754608154
1566536257.041604042053223
1566536257.341572284698486
1566536257.644487619400024
1566536257.944299697875977
1566536258.244441270828247
1566536258.744664907455444
1566536259.044471025466919
1566536259.343781232833862
1566536259.744638919830322
1566536260.045686721801758
1566536260.339957714080811
1566536260.641090869903564
1566536260.942635297775269
1566536261.241154193878174
1566536261.441077947616577
1566536261.642760515213013
1566536261.842285156250000
1566536262.044466257095337
1566536262.644150018692017
1566536262.944139242172241
1566536263.143993854522705
1566536263.444074153900146
1566536264.244674921035767
1566536264.644677639007568
1566536264.944523096084595
1566536265.144261121749878
1566536265.445860147476196
1566536265.645779371261597
1566536265.847227334976196
1566536266.048481702804565
1566536266.340550899505615
1566536266.741257190704346
1566536267.140831947326660
1566536267.340954065322876
1566536267.540858268737793
1566536268.241005897521973
1566536268.740975856781006
1566536268.941479444503784
1566536269.141361713409424
1566536269.441250562667847
1566536270.044421434402466
1566536270.244554042816162
1566536270.446408271789551
1566536270.647276639938354
1566536270.947148799896240
1566536271.147304296493530
1566536271.548458337783813
1566536271.749102354049683
1566536271.941080570220947
1566536272.141056776046753
1566536272.341083288192749
1566536272.641108751296997
1566536272.941090345382690
1566536273.140879631042480
1566536273.340889930725098
1566536273.840967416763306
1566536274.040891647338867
1566536274.241302967071533
1566536274.441062450408936
1566536274.641378164291382
1566536274.841354131698608
1566536275.040605545043945
1566536275.242895603179932
1566536275.442980527877808
1566536275.742877244949341
1566536276.142642498016357
1566536276.442684888839722
1566536276.642731189727783
1566536277.144121408462524
1566536277.545650005340576
1566536277.745438814163208
1566536278.045729637145996
1566536278.247260332107544
1566536278.447187662124634
1566536278.746853351593018
1566536279.147406101226807
1566536279.348890304565430
1566536279.548820018768311
1566536279.940567255020142
1566536280.140842437744141
1566536280.341025829315186
1566536280.640826463699341
1566536281.040827751159668
1566536281.440834045410156
1566536281.640788793563843
1566536281.940708160400391
1566536282.140636444091797
1566536282.340943813323975
1566536282.641085624694824
1566536282.841075658798218
1566536283.040943861007690
1566536283.241037368774414
1566536283.440974950790405
1566536283.740816116333008
1566536283.940785169601440
1566536284.140650510787964
1566536284.340826034545898
1566536284.542731046676636
1566536284.744066238403320
1566536285.144099473953247
1566536285.443967342376709
1566536285.643985033035278
1566536286.043904781341553
1566536286.743759155273438
1566536286.944006204605103
1566536287.243866205215454
1566536287.444575548171997
1566536287.643943786621094
1566536288.144140005111694
1566536288.344130039215088
1566536288.543967485427856
1566536288.947189807891846
1566536289.446990489959717
1566536289.846996307373047
1566536290.347259998321533
1566536290.647207260131836
1566536290.948470115661621
1566536291.248367786407471
1566536291.747792243957520
1566536291.948934555053711
1566536292.148742198944092
1566536292.348517656326294
1566536292.548374414443970
1566536292.747961759567261
1566536292.948448181152344
1566536293.148646593093872
1566536293.440911054611206
1566536293.740092754364014
1566536293.940833568572998
1566536294.240636825561523
1566536294.440634012222290
1566536294.740592718124390
1566536294.940648078918457
1566536295.140668153762817
1566536295.441138267517090
1566536295.940757036209106
1566536296.240679740905762
1566536296.440508604049683
1566536296.840493917465210
1566536297.240524053573608
1566536297.440734863281250
1566536297.640752077102661
1566536297.841040134429932
1566536298.040648221969604
1566536298.340814113616943
1566536298.640864372253418
1566536298.841341257095337
1566536299.040964126586914
1566536299.240785837173462
1566536299.440634965896606
1566536300.042628526687622
1566536300.242552280426025
1566536300.441717863082886
1566536300.642292022705078
1566536300.842249631881714
1566536301.042438030242920
1566536301.242364168167114
1566536301.441410779953003
1566536301.842464685440063
1566536302.144042253494263
1566536302.645235538482666
1566536302.944715261459351
1566536303.345038175582886
1566536303.545268774032593
1566536303.745033502578735
1566536303.944857835769653
1566536304.245356082916260
1566536304.446599483489990
1566536304.746517181396484
1566536304.947686195373535
1566536305.148103475570679
1566536305.348183393478394
1566536305.640407323837280
1566536306.040208101272583
1566536306.440427064895630
1566536306.740362644195557
1566536306.939764499664307
1566536307.240096569061279
1566536307.540130615234375
1566536307.840277671813965
1566536308.240222692489624
1566536308.440466403961182
1566536308.740220785140991
1566536308.939173221588135
1566536309.139882802963257
1566536309.340078115463257
1566536309.540323257446289
1566536309.740281820297241
1566536309.940517902374268
1566536310.240446805953979
1566536310.440373182296753
1566536310.741933584213257
1566536311.246647596359253
1566536311.546601057052612
1566536311.846524715423584
1566536312.048219203948975
1566536312.248135328292847
1566536312.548023462295532
1566536312.839928865432739
1566536313.039867877960205
1566536313.540503025054932
1566536313.840340375900269
1566536314.441710710525513
1566536314.941633701324463
1566536315.546367883682251
1566536315.746430397033691
1566536315.946293830871582
1566536316.145743608474731
1566536316.346254348754883
1566536316.848137140274048
1566536317.240331172943115
1566536317.540222883224487
1566536317.739871025085449
1566536318.139942646026611
1566536318.340217113494873
1566536318.539842128753662
1566536318.739711284637451
1566536318.939712762832642
1566536319.539718627929688
1566536319.739794254302979
1566536319.939928293228149
1566536320.139205455780029
1566536320.340245485305786
1566536320.539776086807251
1566536320.840175628662109
1566536321.039922714233398
1566536321.239814281463623
1566536321.439903259277344
1566536321.639257192611694
1566536321.840511560440063
1566536322.041926860809326
1566536322.245100021362305
1566536322.444992065429688
1566536322.644909143447876
1566536323.044576883316040
1566536323.239801645278931
1566536323.740285634994507
1566536323.940196752548218
1566536324.140075445175171
1566536324.340257167816162
1566536324.539943695068359
1566536324.739910364151001
1566536324.939890861511230
1566536325.139890193939209
1566536325.340004444122314
1566536325.639561653137207
1566536325.839681863784790
1566536326.039975404739380
1566536326.239875555038452
1566536326.439736843109131
1566536326.639365911483765
1566536326.840026617050171
1566536327.039721012115479
1566536327.239943504333496
1566536327.639877796173096
1566536327.940117597579956
1566536328.244705438613892
1566536328.644799232482910
1566536328.944893360137939
1566536329.345872640609741
1566536329.646474599838257
1566536330.146143436431885
1566536330.548009157180786
1566536331.048047542572021
1566536331.347775697708130
1566536331.639887809753418
1566536331.939953327178955
1566536332.644881248474121
1566536333.144516944885254
1566536333.646120548248291
1566536333.946501493453979
1566536334.146313190460205
1566536334.846426963806152
1566536335.046241521835327
1566536335.246315240859985
1566536335.446159124374390
1566536335.646188259124756
1566536335.846439361572266
1566536336.046406030654907
1566536336.346338987350464
1566536336.546086072921753
1566536336.746206283569336
1566536337.146657228469849
1566536337.346270322799683
1566536337.546306371688843
1566536337.748051404953003
1566536338.247866868972778
1566536338.939754486083984
1566536339.240146875381470
1566536339.639986515045166
1566536340.040256500244141
1566536340.239723920822144
1566536340.439994096755981
1566536340.840585231781006
1566536341.240202426910400
1566536341.540009021759033
1566536341.940442085266113
1566536342.340549945831299
1566536342.940248489379883
1566536343.240077733993530
1566536343.440301418304443
1566536343.640318155288696
1566536343.839592218399048
1566536344.039762735366821
1566536344.240227222442627
1566536344.440245151519775
1566536344.640197277069092
1566536344.840133428573608
1566536345.039592027664185
1566536345.240335702896118
1566536345.640307188034058
1566536345.840001344680786
1566536346.039296627044678
1566536346.240098237991333
1566536346.440105199813843
1566536346.640123844146729
1566536346.841688871383667
1566536347.043233871459961
1566536347.243395328521729
1566536347.443144083023071
1566536347.643026113510132
1566536348.245059251785278
1566536348.446389436721802
1566536348.646119117736816
1566536348.846247911453247
1566536349.146242380142212
1566536349.646273136138916
1566536349.946185588836670
1566536350.246312856674194
1566536350.446509838104248
1566536350.746811389923096
1566536350.947527885437012
1566536351.147692441940308
1566536351.447721242904663
1566536351.739852190017700
1566536352.040219306945801
1566536352.344587564468384
1566536352.744390249252319
1566536353.044075727462769
1566536353.344827651977539
1566536353.544798612594604
1566536353.744541406631470
1566536354.044802904129028
1566536354.246217727661133
1566536354.546363592147827
1566536354.846105337142944
1566536355.147809028625488
1566536355.447711706161499
1566536355.947489976882935
1566536356.239917755126953
1566536356.539906978607178
1566536356.840117216110229
1566536357.640182733535767
1566536358.140763044357300
1566536358.641708135604858
1566536359.441962480545044
1566536359.844926834106445
1566536360.245524883270264
1566536360.746155738830566
1566536361.046376705169678
1566536361.346569776535034
1566536361.646528482437134
1566536361.946708202362061
1566536362.247741937637329
1566536362.840016603469849
1566536363.039897203445435
1566536363.240077733993530
1566536363.640748739242554
1566536364.241596937179565
1566536364.641852855682373
1566536364.942571878433228
1566536365.143794536590576
1566536365.443990468978882
1566536365.743982315063477
1566536366.144892215728760
1566536366.644823312759399
1566536366.844681024551392
1566536367.044920206069946
1566536367.246700048446655
1566536367.848283052444458
1566536368.140118360519409
1566536368.440457820892334
1566536368.740115642547607
1566536368.940148830413818
1566536369.239774703979492
1566536369.939971446990967
1566536370.139849662780762
1566536370.440523147583008
1566536370.839992284774780
1566536371.141727924346924
1566536371.341856241226196
1566536372.040162086486816
1566536372.343140125274658
1566536372.543031215667725
1566536372.742983818054199
1566536372.942954540252686
1566536373.243315458297729
1566536373.447215080261230
1566536373.847960472106934
1566536374.147812128067017
1566536374.339980125427246
1566536374.639834880828857
1566536374.839747667312622
1566536375.040108203887939
1566536375.640006542205811
1566536376.039883852005005
1566536376.739938497543335
1566536377.439353942871094
1566536377.840184211730957
1566536378.339974880218506
1566536378.640768289566040
1566536378.939727783203125
1566536379.340095520019531
1566536380.040132761001587
1566536380.641815662384033
1566536380.941644430160522
1566536381.341675996780396
1566536381.741974353790283
1566536382.041529655456543
1566536382.341501235961914
1566536382.641896009445190
1566536382.942096471786499
1566536383.341775178909302
1566536383.641714334487915
1566536384.141846418380737
1566536384.641857862472534
1566536384.941797018051147
1566536385.341886520385742
1566536385.841741085052490
1566536386.143101692199707
1566536386.442893028259277
1566536386.747776985168457
1566536387.047636985778809
1566536387.541532278060913
1566536388.339817523956299
1566536388.739923000335693
1566536389.139959573745728
1566536389.440230131149292
1566536389.840042591094971
1566536390.040458440780640
1566536390.440049886703491
1566536390.640185356140137
1566536390.839902877807617
1566536391.040293455123901
1566536391.241890907287598
1566536391.541705131530762
1566536391.841740846633911
1566536392.144903421401978
1566536392.546287536621094
1566536392.848123550415039
1566536393.147652864456177
1566536393.547825574874878
1566536394.239871501922607
1566536394.639788389205933
1566536395.539997339248657
1566536396.340626478195190
1566536396.740186929702759
1566536397.140093088150024
1566536397.639538526535034
1566536398.240446090698242
1566536398.740498065948486
1566536399.242272138595581
1566536399.741876840591431
1566536400.141968965530396
1566536400.542032480239868
1566536400.943405389785767
1566536401.243436813354492
1566536401.545011281967163
1566536401.845279216766357
1566536402.347533226013184
1566536402.747862815856934
1566536403.140369176864624
1566536403.739992141723633
1566536404.139869451522827
1566536404.540092945098877
1566536404.840308904647827
1566536405.141252040863037
1566536405.441747903823853
1566536405.742057800292969
1566536406.143294811248779
1566536406.444781064987183
1566536406.745065927505493
1566536407.046470403671265
1566536407.346300601959229
1566536407.746591091156006
1566536408.148143291473389
1566536408.447941780090332
1566536408.848036050796509
1566536409.140198230743408
1566536409.440402507781982
1566536409.739963531494141
1566536410.140010356903076
1566536410.440442562103271
1566536410.740431785583496
1566536411.040839195251465
1566536411.440765619277954
1566536411.839766502380371
1566536412.140512466430664
1566536412.440424680709839
1566536412.740438699722290
1566536413.041107654571533
1566536413.348133325576782
1566536413.648195028305054
1566536413.947904825210571
1566536414.448043584823608
1566536414.847526550292969
1566536415.148007631301880
1566536415.540208578109741
1566536415.839493989944458
1566536416.140098094940186
1566536416.440034866333008
1566536416.740205049514771
1566536417.040242910385132
1566536417.340272665023804
1566536417.641732454299927
1566536417.942292451858521
1566536418.241933822631836
1566536418.442032814025879
1566536418.640175104141235
1566536418.839913368225098
1566536419.340305566787720
1566536419.540036916732788
1566536419.740092277526855
1566536420.339878559112549
1566536420.539879322052002
1566536420.939953327178955
1566536421.139919281005859
1566536421.340092897415161
1566536421.539688587188721
1566536421.739928483963013
1566536421.940011739730835
1566536422.140217065811157
1566536422.340433597564697
1566536422.540312290191650
1566536422.741579055786133
1566536422.940110921859741
1566536423.140154361724854
1566536423.339986801147461
1566536423.542972326278687
1566536423.744956970214844
1566536423.945300579071045
1566536424.245022296905518
1566536424.544276952743530
1566536424.746668100357056
1566536424.946382999420166
1566536425.147943019866943
1566536425.547677040100098
1566536425.948111534118652
1566536426.140138387680054
1566536426.440132617950439
1566536426.640062808990479
1566536426.840077877044678
1566536427.039562940597534
1566536427.240059852600098
1566536427.440269470214844
1566536427.640318393707275
1566536427.840481281280518
1566536428.039955854415894
1566536428.340197086334229
1566536428.539873838424683
1566536428.939967155456543
1566536429.140228509902954
1566536429.340271711349487
1566536429.541543722152710
1566536429.842166185379028
1566536430.142052412033081
1566536430.440237283706665
1566536430.640386104583740
1566536430.940164804458618
1566536431.339874029159546
1566536431.540078401565552
1566536431.740027904510498
1566536432.240117788314819
1566536432.639990091323853
1566536432.840072154998779
1566536433.240258455276489
1566536433.440526247024536
1566536433.640705108642578
1566536433.840394735336304
1566536434.040137290954590
1566536434.240146636962891
1566536434.639885663986206
1566536434.840147733688354
1566536435.640314102172852
1566536435.840355396270752
1566536436.041853189468384
1566536436.341947555541992
1566536436.641917705535889
1566536436.844779014587402
1566536437.044637680053711
1566536437.244123697280884
1566536437.444766759872437
1566536437.644757747650146
1566536437.844682693481445
1566536438.044593095779419
1566536438.244143247604370
1566536438.546013116836548
1566536438.745444536209106
1566536438.946659088134766
1566536439.745464086532593
1566536440.246237516403198
1566536440.646005392074585
1566536440.846157312393188
1566536441.039622545242310
1566536441.239702463150024
1566536441.439899444580078
1566536441.639817476272583
1566536441.839878082275391
1566536442.039506435394287
1566536442.239162921905518
1566536442.539728403091431
1566536442.739430189132690
1566536442.940068960189819
1566536443.140011310577393
1566536443.339918136596680
1566536443.539870738983154
1566536443.739119529724121
1566536443.940259218215942
1566536444.139955520629883
1566536444.339837551116943
1566536444.539894342422485
1566536444.739864587783813
1566536444.939645767211914
1566536445.139905452728271
1566536445.340187549591064
1566536445.539935350418091
1566536445.739853620529175
1566536445.939980506896973
1566536446.139962434768677
1566536446.340072870254517
1566536446.539874553680420
1566536446.739917278289795
1566536446.940055370330811
1566536447.141919851303101
1566536447.343275785446167
1566536447.743228435516357
1566536447.943169832229614
1566536448.143027782440186
1566536448.542985916137695
1566536448.742317676544189
1566536448.942970514297485
1566536449.343094348907471
1566536449.543029069900513
1566536449.842797040939331
1566536450.044235944747925
1566536450.244343519210815
1566536450.444103956222534
1566536450.646037578582764
1566536450.845898151397705
1566536451.039584159851074
1566536451.239663839340210
1566536451.439851045608521
1566536451.639605045318604
1566536451.839784860610962
1566536452.040001630783081
1566536452.240067005157471
1566536452.440204620361328
1566536452.841464519500732
1566536453.042682886123657
1566536453.544543027877808
1566536453.744352102279663
1566536454.044183731079102
1566536454.244290113449097
1566536454.443741321563721
1566536454.645989179611206
1566536455.045790195465088
1566536455.345819473266602
1566536455.846220254898071
1566536456.146070718765259
1566536456.646117448806763
1566536456.941600561141968
1566536457.241432428359985
1566536457.541320085525513
1566536457.843098163604736
1566536458.242960929870605
1566536458.942638158798218
1566536459.644944429397583
1566536460.544584989547729
1566536461.339575767517090
1566536461.939163208007812
1566536462.539464235305786
1566536463.039756298065186
1566536463.439058542251587
1566536463.839078187942505
1566536464.239469528198242
1566536464.639533519744873
1566536465.039401292800903
1566536465.539620637893677
1566536465.938764572143555
1566536466.339650630950928
1566536466.739506483078003
1566536467.139454603195190
1566536467.539521694183350
1566536467.939217090606689
1566536468.339342355728149
1566536468.739390611648560
1566536469.139410495758057
1566536469.439417839050293
1566536469.739531517028809
1566536470.039448022842407
1566536470.339262962341309
1566536470.641149759292603
1566536471.039448738098145
1566536471.339350700378418
1566536471.839477777481079
1566536472.141235828399658
1566536472.441109418869019
1566536472.741595506668091
1566536473.043031692504883
1566536473.242546081542969
1566536473.644128322601318
1566536474.047429084777832
1566536474.247027635574341
1566536474.446843862533569
1566536474.946944952011108
1566536475.139490842819214
1566536475.439527273178101
1566536475.739601850509644
1566536475.941017150878906
1566536476.140903234481812
1566536476.340828895568848
1566536476.542662382125854
1566536476.742757081985474
1566536476.942662715911865
1566536477.342815399169922
1566536477.743604421615601
1566536477.943737745285034
1566536478.143778085708618
1566536478.444020986557007
1566536478.643794536590576
1566536478.943674325942993
1566536479.143783092498779
1566536479.344051599502563
1566536479.743627548217773
1566536480.045073986053467
1566536480.245449304580688
1566536480.745562791824341
1566536480.945392847061157
1566536481.145074605941772
1566536481.345549583435059
1566536481.545399188995361
1566536481.745377302169800
1566536481.945617198944092
1566536482.146632671356201
1566536482.339001417160034
1566536482.539084434509277
1566536482.739192724227905
1566536483.039330482482910
1566536483.239202737808228
1566536483.439295768737793
1566536483.639169454574585
1566536483.839165687561035
1566536484.039082765579224
1566536484.239090919494629
1566536484.539364814758301
1566536484.739521741867065
1566536484.938810586929321
1566536485.139465332031250
1566536485.339588642120361
1566536485.539636850357056
1566536485.739539861679077
1566536485.938823699951172
1566536486.139220237731934
1566536486.339287042617798
1566536486.539446115493774
1566536486.739566326141357
1566536486.939293384552002
1566536487.138695001602173
1566536487.539283275604248
1566536487.739386558532715
1566536487.939334869384766
1566536488.139467716217041
1566536488.540192842483521
1566536488.739531278610229
1566536488.939573287963867
1566536489.239588260650635
1566536489.439502239227295
1566536489.638890981674194
1566536489.839657068252563
1566536490.139214038848877
1566536490.539465665817261
1566536490.739393949508667
1566536490.939342260360718
1566536491.138884782791138
1566536491.339674711227417
1566536491.539655208587646
1566536491.739608526229858
1566536491.940845966339111
1566536492.140116691589355
1566536492.341067790985107
1566536492.546882629394531
1566536492.747024536132812
1566536492.946676731109619
1566536493.146829843521118
1566536493.346889019012451
1566536493.546918153762817
1566536493.746911764144897
1566536493.946842193603516
1566536494.147088289260864
1566536494.347140550613403
1566536494.547096490859985
1566536494.747035741806030
1566536494.939278841018677
1566536495.138821840286255
1566536495.339044094085693
1566536495.539083242416382
1566536495.738780260086060
1566536495.939146757125854
1566536496.239071130752563
1566536496.439095258712769
1566536496.638747453689575
1566536496.838790893554688
1566536497.039019346237183
1566536497.239207983016968
1566536497.439374685287476
1566536497.638786077499390
1566536497.839204311370850
1566536498.039121150970459
1566536498.238909959793091
1566536498.438747644424438
1566536498.640709877014160
1566536498.841027736663818
1566536499.040663719177246
1566536499.240644454956055
1566536499.442037105560303
1566536499.642282724380493
1566536499.842429637908936
1566536500.042554616928101
1566536500.543603181838989
1566536500.844112157821655
1566536501.343584537506104
1566536501.545004844665527
1566536501.745049953460693
1566536501.945091485977173
1566536502.144966602325439
1566536502.345002651214600
1566536502.645086288452148
1566536502.844843149185181
1566536503.045111179351807
1566536503.245005607604980
1566536503.445025205612183
1566536503.646570444107056
1566536503.846245050430298
1566536504.046787738800049
1566536504.246722698211670
1566536504.446557760238647
1566536504.646455049514771
1566536504.845778703689575
1566536505.046563863754272
1566536505.246426820755005
1566536505.446365833282471
1566536505.646508693695068
1566536505.846032142639160
1566536506.138649702072144
1566536506.538477659225464
1566536506.738639116287231
1566536506.938552856445312
1566536507.238622188568115
1566536507.438562154769897
1566536507.638044834136963
1566536507.838353157043457
1566536508.038432836532593
1566536508.238554716110229
1566536508.438727855682373
1566536508.638932943344116
1566536508.837555170059204
1566536509.038432598114014
1566536509.240036010742188
1566536509.541733980178833
1566536509.741762638092041
1566536509.941977024078369
1566536510.141950368881226
1566536510.341879606246948
1566536510.542442321777344
1566536510.741890192031860
1566536510.942069530487061
1566536511.141921043395996
1566536511.541593790054321
1566536511.743167638778687
1566536511.943085670471191
1566536512.143138885498047
1566536512.343353748321533
1566536512.543324470520020
1566536513.443226099014282
1566536513.643297195434570
1566536513.842738866806030
1566536514.244897127151489
1566536514.544564247131348
1566536514.744780063629150
1566536514.944739818572998
1566536515.144579410552979
1566536515.644603490829468
1566536515.838047742843628
1566536516.538436889648438
1566536516.738550186157227
1566536516.938422203063965
1566536517.138359546661377
1566536517.538437128067017
1566536517.738253593444824
1566536517.938156604766846
1566536518.438743114471436
1566536518.638728380203247
1566536518.838931083679199
1566536519.039107084274292
1566536519.840216398239136
1566536520.040523052215576
1566536520.440278053283691
1566536520.640197992324829
1566536520.840039491653442
1566536521.041430950164795
1566536521.243462085723877
1566536521.443365812301636
1566536521.643202066421509
1566536521.844576597213745
1566536522.043960094451904
1566536522.244574308395386
1566536522.546040534973145
1566536523.537338972091675
1566536523.938220024108887
1566536524.638610124588013
1566536525.138164997100830
1566536525.438811302185059
1566536525.738566637039185
1566536525.938620328903198
1566536526.238419294357300
1566536526.638177633285522
1566536527.138276338577271
1566536527.338376045227051
1566536527.638228416442871
1566536527.838389396667480
1566536528.138745546340942
1566536528.438442468643188
1566536528.638683557510376
1566536528.939999341964722
1566536529.240529060363770
1566536530.039409875869751
1566536530.439872503280640
1566536530.639909744262695
1566536530.839888572692871
1566536531.039034843444824
1566536531.538984775543213
1566536531.841536521911621
1566536532.341412067413330
1566536532.742814302444458
1566536533.042808771133423
1566536533.342487335205078
1566536533.742584466934204
1566536534.142672538757324
1566536534.442548513412476
1566536534.742693901062012
1566536535.038176536560059
1566536535.437998533248901
1566536535.638099193572998
1566536536.137879848480225
1566536536.639443874359131
1566536536.839575290679932
1566536537.241258859634399
1566536537.542077541351318
1566536537.942603349685669
1566536538.142571926116943
1566536539.243232488632202
1566536539.843961000442505
1566536540.537791490554810
1566536540.737939596176147
1566536541.037913084030151
1566536541.437574863433838
1566536541.637300014495850
1566536541.937479734420776
1566536542.239106655120850
1566536542.440948009490967
1566536542.641137838363647
1566536542.842278480529785
1566536543.042542695999146
1566536543.237308502197266
1566536543.437742710113525
1566536543.637564420700073
1566536543.837790250778198
1566536544.238049983978271
1566536544.439460277557373
1566536544.739595890045166
1566536545.040881633758545
1566536545.239840745925903
1566536545.441382408142090
1566536545.540605068206787
1566536545.943789482116699
1566536546.143829822540283
1566536546.343916893005371
1566536546.643769025802612
1566536546.944122791290283
1566536547.345314979553223
1566536547.745292901992798
1566536548.045456647872925
1566536548.237379074096680
1566536548.537351369857788
1566536548.737042665481567
1566536549.037858724594116
1566536549.438056468963623
1566536550.037795305252075
1566536550.338244438171387
1566536550.537866353988647
1566536550.736779928207397
1566536550.937630653381348
1566536551.144050121307373
1566536551.344260931015015
1566536551.743034601211548
1566536552.243713140487671
1566536552.443942546844482
1566536552.845318078994751
1566536553.245386123657227
1566536553.545259714126587
1566536553.745195150375366
1566536553.945542812347412
1566536554.145192861557007
1566536554.445443391799927
1566536554.645285129547119
1566536554.845345020294189
1566536555.039216041564941
1566536555.239403486251831
1566536555.439303398132324
1566536555.639067411422729
1566536555.839359045028687
1566536556.039694786071777
1566536556.239670276641846
1566536556.438880205154419
1566536556.639242172241211
1566536556.839236259460449
1566536557.039413928985596
1566536557.940340280532837
1566536558.342170000076294
1566536558.543881177902222
1566536558.843757152557373
1566536559.043608903884888
1566536559.243815898895264
1566536559.743508815765381
1566536560.643460035324097
1566536560.843592405319214
1566536561.043698787689209
1566536561.443655014038086
1566536562.443193197250366
1566536562.943231821060181
1566536563.144774913787842
1566536563.436959028244019
1566536563.737503767013550
1566536564.237113952636719
1566536564.436253786087036
1566536564.637405872344971
1566536564.936284303665161
1566536565.137593507766724
1566536565.337067604064941
1566536565.536993741989136
1566536565.737135887145996
1566536566.037087440490723
1566536566.237013578414917
1566536566.436368703842163
1566536566.637547492980957
1566536566.937008619308472
1566536567.437178611755371
1566536567.638885021209717
1566536567.843147516250610
1566536568.143709659576416
1566536568.343252420425415
1566536568.543435096740723
1566536568.943370819091797
1566536569.443449497222900
1566536569.644579648971558
1566536569.944683313369751
1566536570.144449949264526
1566536570.444677591323853
1566536570.644376277923584
1566536570.844722509384155
1566536571.245147466659546
1566536571.544929981231689
1566536571.836848974227905
1566536572.136342763900757
1566536572.636533021926880
1566536573.036802291870117
1566536573.336791992187500
1566536573.636206865310669
1566536573.936858177185059
1566536574.237062454223633
1566536574.537278413772583
1566536574.836920022964478
1566536575.136660337448120
1566536575.736993551254272
1566536576.037326574325562
1566536576.838567256927490
1566536577.038563013076782
1566536577.239979982376099
1566536577.440034627914429
1566536577.740202903747559
1566536578.039990425109863
1566536578.240049362182617
1566536578.440175294876099
1566536578.640262603759766
1566536578.840468645095825
1566536579.044709444046021
1566536579.244566202163696
1566536579.744657039642334
1566536579.944553375244141
1566536580.144046545028687
1566536580.444393873214722
1566536581.044827461242676
1566536581.244883775711060
1566536581.444777250289917
1566536581.744543313980103
1566536581.936577320098877
1566536582.136194705963135
1566536582.336527347564697
1566536582.636794567108154
1566536582.936794281005859
1566536583.135865926742554
1566536583.437104940414429
1566536584.438587665557861
1566536584.738623380661011
1566536584.938727855682373
1566536585.139651536941528
1566536585.339863300323486
1566536585.539905071258545
1566536585.839743137359619
1566536586.140105724334717
1566536587.039889574050903
1566536587.939998149871826
1566536588.344231843948364
1566536588.644697427749634
1566536588.944575071334839
1566536589.244684696197510
1566536589.644477128982544
1566536590.036631345748901
1566536590.336326122283936
1566536590.636547327041626
1566536591.336007356643677
1566536591.638066530227661
1566536591.837600469589233
1566536592.038416624069214
1566536592.538143396377563
1566536592.738167524337769
1566536592.938366651535034
1566536593.139743328094482
1566536593.339519500732422
1566536593.540068626403809
1566536594.241389036178589
1566536594.441322088241577
1566536594.941334724426270
1566536595.141152858734131
1566536595.342419862747192
1566536595.542753219604492
1566536595.842037200927734
1566536596.142950296401978
1566536596.342184782028198
1566536596.543652772903442
1566536596.742632627487183
1566536597.042988300323486
1566536597.443145990371704
1566536597.942765474319458
1566536598.242865800857544
1566536598.442858934402466
1566536598.642885923385620
1566536598.842219352722168
1566536599.042884111404419
1566536599.443164587020874
1566536599.643271923065186
1566536599.843078613281250
1566536600.143085241317749
1566536600.342695713043213
1566536600.543123006820679
1566536600.743096113204956
1566536601.043327569961548
1566536601.343055009841919
1566536601.543248891830444
1566536601.743144750595093
1566536602.243124246597290
1566536602.536696434020996
1566536603.036925792694092
1566536603.443235158920288
1566536603.842963695526123
1566536604.243151187896729
1566536604.543074369430542
1566536604.942714691162109
1566536605.336740255355835
1566536605.536720037460327
1566536605.836541175842285
1566536606.136820316314697
1566536606.538512706756592
1566536606.740078926086426
1566536606.939768075942993
1566536607.139552593231201
1566536607.739889621734619
1566536607.939937591552734
1566536608.139848232269287
1566536608.339576005935669
1566536609.343000888824463
1566536609.542587280273438
1566536609.842629671096802
1566536610.242908477783203
1566536610.444454193115234
1566536611.043491840362549
1566536611.243786573410034
1566536611.743955135345459
1566536612.144203186035156
1566536612.344012260437012
1566536612.535868167877197
1566536612.736305475234985
1566536612.936325311660767
1566536613.136464595794678
1566536613.336196899414062
1566536614.136257648468018
1566536614.336252927780151
1566536614.535743236541748
1566536614.740756511688232
1566536614.940952539443970
1566536615.843471765518188
1566536616.444085836410522
1566536616.644051551818848
1566536617.136184930801392
1566536617.337347269058228
1566536618.637515068054199
1566536619.037669897079468
1566536619.337582826614380
1566536619.537609577178955
1566536619.737542867660522
1566536620.036983728408813
1566536620.237834453582764
1566536620.437888145446777
1566536620.637466192245483
1566536620.837492704391479
1566536621.037441492080688
1566536621.239184379577637
1566536621.639210700988770
1566536621.939417123794556
1566536622.239398717880249
1566536622.439010143280029
1566536623.239009380340576
1566536623.638955831527710
1566536623.840692281723022
1566536624.540496587753296
1566536624.740550994873047
1566536624.942060708999634
1566536625.141904830932617
1566536625.335887670516968
1566536625.536002159118652
1566536625.736205339431763
1566536625.935891389846802
1566536626.236001491546631
1566536626.539417266845703
1566536626.739112138748169
1566536626.938831090927124
1566536627.140241622924805
1566536627.542192459106445
1566536627.842199563980103
1566536628.041789293289185
1566536628.243822097778320
1566536628.443635463714600
1566536628.643657684326172
1566536628.835469961166382
1566536629.035478591918945
1566536629.235834121704102
1566536629.435724020004272
1566536629.635655403137207
1566536629.935777187347412
1566536630.135798454284668
1566536630.335788488388062
1566536630.535598993301392
1566536630.735162258148193
1566536631.135536670684814
1566536631.635951280593872
1566536632.436325788497925
1566536633.635942220687866
1566536633.938874483108521
1566536634.838832855224609
1566536635.540426492691040
1566536635.739893436431885
1566536635.940211772918701
1566536636.140196323394775
1566536636.540313005447388
1566536636.939983129501343
1566536637.241411209106445
1566536637.542185306549072
1566536638.041904926300049
1566536638.241713047027588
1566536638.441994667053223
1566536638.641834020614624
1566536638.842148303985596
1566536639.043700695037842
1566536639.443055391311646
1566536639.735313415527344
1566536639.935469150543213
1566536640.135811090469360
1566536641.737595081329346
1566536642.037336349487305
1566536642.236871719360352
1566536642.637334346771240
1566536643.337376832962036
1566536643.637743949890137
1566536643.837131738662720
1566536644.037117242813110
1566536644.237152099609375
1566536644.437404870986938
1566536644.638825654983521
1566536644.939301729202271
1566536645.238183498382568
1566536645.538892030715942
1566536645.840510606765747
1566536646.040292263031006
1566536646.240257024765015
1566536646.440472602844238
1566536646.640324115753174
1566536646.840136766433716
1566536647.040333509445190
1566536647.240587234497070
1566536647.440340280532837
1566536647.641855239868164
1566536647.941369056701660
1566536648.341710567474365
1566536648.841702461242676
1566536649.235176563262939
1566536649.635539054870605
1566536650.035537004470825
1566536650.434671640396118
1566536650.835387468338013
1566536651.435800075531006
1566536652.535808563232422
1566536653.837009906768799
1566536654.838438987731934
1566536655.341509819030762
1566536655.743199348449707
1566536656.144818067550659
1566536656.435923099517822
1566536656.935281038284302
1566536657.235757827758789
1566536657.535488605499268
1566536658.035576105117798
1566536658.335735321044922
1566536658.835441112518311
1566536659.235768556594849
1566536659.535260915756226
1566536659.936568975448608
1566536660.336905956268311
1566536660.636918067932129
1566536660.839714527130127
1566536661.040091753005981
1566536661.240188360214233
1566536661.440192222595215
1566536661.740121603012085
1566536661.939374685287476
1566536662.140218973159790
1566536662.339667558670044
1566536662.539987802505493
1566536662.739963054656982
1566536662.939888238906860
1566536663.141282558441162
1566536663.341272354125977
1566536663.541405916213989
1566536663.741256713867188
1566536664.041270732879639
1566536664.440804719924927
1566536664.643075466156006
1566536664.842810153961182
1566536665.042760848999023
1566536665.443115949630737
1566536665.842698812484741
1566536666.042908430099487
1566536666.243129014968872
1566536666.442663192749023
1566536666.643326044082642
1566536666.843018054962158
1566536667.042546987533569
1566536667.242385625839233
1566536667.734864473342896
1566536668.034973621368408
1566536668.234724521636963
1566536668.534654378890991
1566536668.935024499893188
1566536669.334877729415894
1566536669.635090589523315
1566536669.834596157073975
1566536670.034288167953491
1566536670.534955501556396
1566536670.935075521469116
1566536671.436195611953735
1566536671.738151788711548
1566536672.038239240646362
1566536672.238108634948730
1566536672.438015937805176
1566536672.637086153030396
1566536672.837886095046997
1566536673.138015031814575
1566536673.337899923324585
1566536673.537903070449829
1566536673.738002538681030
1566536673.937944889068604
1566536674.137260913848877
1566536674.337967872619629
1566536674.537926912307739
1566536674.840988397598267
1566536675.140544414520264
1566536675.343203067779541
1566536675.542613983154297
1566536676.042423009872437
1566536676.242916345596313
1566536676.742623329162598
1566536677.142277717590332
1566536677.342453956604004
1566536677.542549133300781
1566536677.842485666275024
1566536678.042574644088745
1566536678.244156837463379
1566536678.534668445587158
1566536678.836349964141846
1566536679.036991834640503
1566536679.336493730545044
1566536679.536765336990356
1566536679.737916946411133
1566536679.939461708068848
1566536680.140127182006836
1566536680.342474460601807
1566536680.636432170867920
1566536680.836656570434570
1566536681.237848281860352
1566536681.437831163406372
1566536681.638240575790405
1566536682.038231134414673
1566536682.237807989120483
1566536682.437815666198730
1566536682.637031316757202
1566536682.838140726089478
1566536683.037915468215942
1566536683.337914943695068
1566536683.537981510162354
1566536683.737759590148926
1566536683.937887907028198
1566536684.137952089309692
1566536684.338001728057861
1566536684.537876367568970
1566536684.737755060195923
1566536684.937795639038086
1566536685.237783670425415
1566536685.637873411178589
1566536686.037994384765625
1566536686.538215637207031
1566536686.738440036773682
1566536686.937965631484985
1566536687.237898826599121
1566536687.437684059143066
1566536687.639083623886108
1566536687.939294815063477
1566536688.140758991241455
1566536688.440756320953369
1566536688.640792369842529
1566536688.840926885604858
1566536689.240790605545044
1566536689.440879106521606
1566536689.640513420104980
1566536689.840115547180176
1566536690.040555953979492
1566536690.240517377853394
1566536690.540727853775024
1566536690.742179393768311
1566536691.142548084259033
1566536691.342506408691406
1566536691.542433261871338
1566536691.942531108856201
1566536692.341764926910400
1566536692.542261838912964
1566536692.742304563522339
1566536693.142260789871216
1566536693.342278003692627
1566536693.542992591857910
1566536693.742387056350708
1566536694.042317152023315
1566536694.342009067535400
1566536694.642160892486572
1566536694.934352397918701
1566536695.234214067459106
1566536695.534402132034302
1566536695.833931207656860
1566536696.536558389663696
1566536696.834832429885864
1566536697.734349012374878
1566536698.333906888961792
1566536699.034526348114014
1566536699.334044218063354
1566536699.634228706359863
1566536700.034899473190308
1566536700.735673427581787
1566536701.136400699615479
1566536701.536309003829956
1566536701.736097812652588
1566536701.936130285263062
1566536702.337770700454712
1566536702.537612438201904
1566536702.837789773941040
1566536703.039139032363892
1566536703.238886117935181
1566536703.438886404037476
1566536703.839992761611938
1566536704.040805578231812
1566536704.240605592727661
1566536704.440534830093384
1566536704.640424251556396
1566536704.840777873992920
1566536705.140987157821655
1566536705.340735912322998
1566536705.541915655136108
1566536705.741606235504150
1566536705.941718816757202
1566536706.134542942047119
1566536706.336387395858765
1566536706.535939931869507
1566536706.735924959182739
1566536706.937278985977173
1566536707.136991977691650
1566536707.337085008621216
1566536707.536728858947754
1566536707.737442016601562
1566536707.937292814254761
1566536708.236914396286011
1566536708.538381576538086
1566536708.739229917526245
1566536708.939243316650391
1566536709.138705015182495
1566536709.438973665237427
1566536709.638765335083008
1566536710.038236141204834
1566536710.240164279937744
1566536710.640284776687622
1566536710.840321063995361
1566536711.040207386016846
1566536711.241641998291016
1566536711.541820526123047
1566536711.742055177688599
1566536712.041380405426025
1566536712.241892576217651
1566536712.441866636276245
1566536712.741615295410156
1566536713.241895437240601
1566536713.641803741455078
1566536713.941662311553955
1566536714.141587257385254
1566536714.441570997238159
1566536714.741616010665894
1566536714.941440820693970
1566536715.241830348968506
1566536715.441472291946411
1566536715.641242265701294
1566536715.841261863708496
1566536716.040669679641724
1566536716.241500139236450
1566536716.441337585449219
1566536716.641259193420410
1566536716.841108083724976
1566536717.033117532730103
1566536717.233368158340454
1566536717.433801651000977
1566536717.635339975357056
1566536717.836541891098022
1566536718.037753105163574
1566536718.238515853881836
1566536718.838011741638184
1566536719.037453651428223
1566536719.239418029785156
1566536719.438167810440063
1566536719.638124227523804
1566536719.838028192520142
1566536720.037428617477417
1566536720.237784624099731
1566536720.439490795135498
1566536720.640982866287231
1566536720.841301441192627
1566536721.041336059570312
1566536721.241046190261841
1566536721.540687084197998
1566536721.741151571273804
1566536721.941007375717163
1566536722.140965461730957
1566536722.641058444976807
1566536722.833298206329346
1566536723.332959651947021
1566536723.733559370040894
1566536724.233077526092529
1566536724.433012962341309
1566536724.834860324859619
1566536725.034715890884399
1566536725.932909011840820
1566536726.233289480209351
1566536726.633242845535278
1566536727.134541749954224
1566536727.334621429443359
1566536727.634809255599976
1566536727.934570074081421
1566536728.134468317031860
1566536728.436066865921021
1566536728.735781431198120
1566536729.036079168319702
1566536729.336085081100464
1566536729.736213684082031
1566536729.936179161071777
1566536730.839133739471436
1566536731.040548563003540
1566536731.232264280319214
1566536731.832874059677124
1566536732.032789945602417
1566536732.232216835021973
1566536733.333370685577393
1566536733.632755517959595
1566536733.832468986511230
1566536734.032524585723877
1566536734.232332706451416
1566536734.432869911193848
1566536734.632916212081909
1566536734.833031415939331
1566536735.232233762741089
1566536735.432999372482300
1566536735.632755517959595
1566536735.933652400970459
1566536736.233902692794800
1566536736.434602499008179
1566536736.639021158218384
1566536736.939005613327026
1566536737.139058589935303
1566536737.439209699630737
1566536737.738341808319092
1566536738.238771915435791
1566536738.539264202117920
1566536738.840710639953613
1566536739.133030652999878
1566536739.433022022247314
1566536741.132709741592407
1566536741.733494281768799
1566536742.532367467880249
1566536742.832987070083618
1566536743.133058071136475
1566536743.639129161834717
1566536743.940610885620117
1566536744.440043687820435
1566536744.732467889785767
1566536744.932489633560181
1566536745.132460355758667
1566536745.332561492919922
1566536745.632879018783569
1566536746.039103507995605
1566536746.239094734191895
1566536746.439870834350586
1566536747.240108489990234
1566536747.440211772918701
1566536747.632537841796875
1566536747.832816600799561
1566536748.032693147659302
1566536748.232498407363892
1566536748.432175874710083
1566536748.932690143585205
1566536749.333015441894531
1566536749.633004903793335
1566536750.232844591140747
1566536750.534339189529419
1566536750.933985710144043
1566536751.435511827468872
1566536752.036301374435425
1566536752.535479545593262
1566536752.837075948715210
1566536753.137579917907715
1566536753.337594985961914
1566536753.537410974502563
1566536753.838391780853271
1566536754.038472652435303
1566536754.238836765289307
1566536754.438567161560059
1566536754.640707254409790
1566536754.840409517288208
1566536755.040291070938110
1566536755.240195035934448
1566536755.440299987792969
1566536756.432941675186157
1566536756.634207248687744
1566536756.935683250427246
1566536757.135874271392822
1566536757.336050271987915
1566536757.535959482192993
1566536757.735851526260376
1566536757.935669898986816
1566536758.135990619659424
1566536758.336153030395508
1566536758.536017417907715
1566536758.735931158065796
1566536758.935952425003052
1566536759.236061096191406
1566536759.435951948165894
1566536759.635699272155762
1566536759.835686922073364
1566536760.235666990280151
1566536760.535811424255371
1566536760.735749721527100
1566536760.935764074325562
1566536761.135898828506470
1566536761.335956335067749
1566536761.535635709762573
1566536761.735742092132568
1566536761.935950040817261
1566536762.136399030685425
1566536762.336184740066528
1566536762.535848617553711
1566536762.737058877944946
1566536762.937103986740112
1566536763.137442588806152
1566536763.337593555450439
1566536763.539077997207642
1566536763.740391492843628
1566536763.940289497375488
1566536764.141644001007080
1566536764.332784414291382
1566536764.632808208465576
1566536764.832926988601685
1566536765.032932043075562
1566536765.232803106307983
1566536765.432933568954468
1566536765.732906103134155
1566536766.434706926345825
1566536766.736570119857788
1566536766.936216592788696
1566536767.137126445770264
1566536767.432505369186401
1566536767.732614517211914
1566536768.132513761520386
1566536768.433021783828735
1566536768.832818984985352
1566536769.132833480834961
1566536769.433073997497559
1566536769.733275413513184
1566536770.333085536956787
1566536770.934517860412598
1566536771.335368871688843
1566536771.836353540420532
1566536772.439436435699463
1566536772.839253187179565
1566536773.234620571136475
1566536773.635099887847900
1566536773.934775352478027
1566536774.534648180007935
1566536774.836899757385254
1566536775.239226818084717
1566536775.539017677307129
1566536775.840446472167969
1566536776.140239000320435
1566536776.340698719024658
1566536776.540445089340210
1566536776.740333080291748
1566536776.940474271774292
1566536777.232918262481689
1566536777.432968616485596
1566536777.732917070388794
1566536777.932854413986206
1566536778.332707166671753
1566536778.633246898651123
1566536778.833026885986328
1566536779.032783508300781
1566536779.232667922973633
1566536779.432443618774414
1566536779.932460308074951
1566536780.131872653961182
1566536780.433124542236328
1566536780.632466793060303
1566536781.132852077484131
1566536781.333349943161011
1566536781.533026456832886
1566536781.933107137680054
1566536782.133068323135376
1566536782.535551309585571
1566536782.735801458358765
1566536782.935690402984619
1566536783.135563850402832
1566536783.537231445312500
1566536783.837149143218994
1566536784.337190389633179
1566536784.737587213516235
1566536784.937839508056641
1566536785.139191627502441
1566536785.438906908035278
1566536785.738895177841187
1566536786.132570266723633
1566536787.234397172927856
1566536787.534162759780884
1566536787.834373474121094
1566536788.034460067749023
1566536788.235899448394775
1566536788.535811185836792
1566536788.837541580200195
1566536789.037097215652466
1566536789.237230300903320
1566536789.537851810455322
1566536789.937383413314819
1566536790.137496948242188
1566536790.337465763092041
1566536790.537179946899414
1566536790.836800575256348
1566536791.037780046463013
1566536791.236003398895264
1566536791.436092615127563
1566536791.637417554855347
1566536792.037161827087402
1566536792.238774299621582
1566536792.638598680496216
1566536792.837861776351929
1566536793.038750648498535
1566536793.732611656188965
1566536794.132302284240723
1566536794.332355499267578
1566536794.632843494415283
1566536794.832034349441528
1566536795.032825946807861
1566536795.232475042343140
1566536795.434045553207397
1566536795.734236478805542
1566536795.934242010116577
1566536796.134242296218872
1566536796.534231185913086
1566536796.734021425247192
1566536797.134089708328247
1566536797.534015655517578
1566536797.934096336364746
1566536798.334187746047974
1566536798.739965915679932
1566536798.931988239288330
1566536799.132073640823364
1566536799.331602096557617
1566536799.732169151306152
1566536800.132139444351196
1566536800.331464052200317
1566536800.532008886337280
1566536800.731909275054932
1566536800.932147741317749
1566536801.132337808609009
1566536801.331548452377319
1566536801.534562110900879
1566536801.833952665328979
1566536802.133683204650879
1566536802.333797216415405
1566536802.733778715133667
1566536803.035372018814087
1566536803.235148906707764
1566536803.435053825378418
1566536803.635206222534180
1566536803.838187694549561
1566536804.138419628143311
1566536804.338454484939575
1566536804.638428926467896
1566536804.938374042510986
1566536805.138573408126831
1566536805.338224649429321
1566536805.538111209869385
1566536805.738174915313721
1566536805.938312530517578
1566536806.238090038299561
1566536806.537941694259644
1566536806.738145112991333
1566536806.932007789611816
1566536807.231963157653809
1566536807.431999921798706
1566536807.632152318954468
1566536807.832243442535400
1566536808.031712770462036
1566536808.231985807418823
1566536808.431921720504761
1566536808.632220983505249
1566536808.832066059112549
1566536809.032065391540527
1566536809.232098340988159
1566536809.432185411453247
1566536809.732203245162964
1566536810.232012748718262
1566536810.631830692291260
1566536810.931716680526733
1566536811.133578538894653
1566536811.533795833587646
1566536811.835066556930542
1566536812.034388542175293
1566536812.235334396362305
1566536812.435132265090942
1566536812.635143756866455
1566536812.835305452346802
1566536813.034942150115967
1566536813.434827804565430
1566536813.735493659973145
1566536814.136821746826172
1566536814.631686925888062
1566536814.931904554367065
1566536815.431506156921387
1566536815.731347084045410
1566536816.131703376770020
1566536816.431772947311401
1566536817.031846761703491
1566536817.433462619781494
1566536817.831946611404419
1566536818.436380386352539
1566536818.936583518981934
1566536819.336668729782104
1566536819.736649274826050
1566536820.236791372299194
1566536820.737835168838501
1566536821.237667560577393
1566536821.838174581527710
1566536822.331716775894165
1566536822.831942796707153
1566536823.331562519073486
1566536824.231551170349121
1566536824.932092189788818
1566536825.936268329620361
