1577836980.0991046
1577836987.3982084
1577836987.7998054
1577836988.1991713
1577836988.5993335
1577836988.8996465
1577836989.0993404
1577836989.3996816
1577836989.5993745
1577836989.6992228
1577836989.799438
1577836989.8992834
1577836989.9991336
1577836990.1996167
1577836990.3993125
1577836990.5998006
1577836990.8987882
1577836991.1996524
1577836991.3993306
1577836991.5998116
1577836991.7994936
1577836991.9991827
1577836992.2995195
1577836992.5994315
1577836992.8997345
1577836993.2994843
1577836993.5998194
1577836993.7994814
1577836993.9991384
1577836994.2994153
1577836994.6996295
1577836994.8993106
1577836995.0997813
1577836995.2994757
1577836995.499069
1577836995.6996524
1577836995.7994924
1577836995.9991915
1577836996.1992567
1577836996.3993375
1577836996.6996336
1577836996.8993077
1577836997.0997927
1577836997.2994604
1577836997.5997639
1577836997.8993025
1577836998.2994516
1577836998.4991486
1577836998.6996386
1577836998.8993027
1577836999.0997956
1577836999.3993304
1577836999.6996524
1577836999.8993397
1577837000.0998197
1577837000.2995095
1577837000.4991806
1577837000.6996586
1577837001.0998075
1577837001.4991484
1577837001.8993077
1577837002.2994483
1577837002.6995964
1577837002.9991155
1577837003.1995835
1577837003.3992686
1577837003.6995585
1577837003.9994645
1577837004.1991568
1577837004.4994686
1577837004.8996296
1577837005.0993104
1577837005.4994667
1577837005.9994617
1577837006.1991355
1577837006.4994607
1577837006.7997737
1577837007.1991367
1577837007.7997634
1577837008.1991167
1577837008.5992684
1577837009.1991146
1577837009.5992746
1577837009.9994326
1577837010.3995905
1577837010.7997384
1577837011.1994786
1577837011.7993135
1577837012.0996175
1577837012.5996284
1577837013.0996475
1577837013.4998155
1577837013.7993643
1577837014.0992837
1577837014.3996017
1577837014.7997615
1577837015.1991205
1577837015.4994264
1577837015.9994295
1577837016.3995984
1577837016.8996034
1577837017.2997766
1577837017.6991444
1577837017.9994795
1577837018.2997887
1577837018.7997866
1577837019.1991816
1577837019.3996506
1577837019.6991816
1577837020.1991866
1577837020.4995155
1577837020.9994886
1577837021.5993094
1577837021.8996294
1577837022.2997553
1577837022.6991286
1577837023.1991136
1577837023.4994376
1577837023.6991327
1577837023.7997744
1577837023.9994307
1577837024.1995084
1577837024.4997966
1577837024.7993045
1577837024.9997904
1577837025.2993104
1577837025.4997826
1577837025.6994536
1577837025.8991215
1577837026.0996113
1577837026.4997544
1577837026.7992587
1577837026.9993405
1577837027.2996535
1577837027.6998134
1577837027.9993393
1577837028.4993215
1577837029.1997895
1577837029.9993293
1577837030.3995154
1577837030.6994376
1577837031.2992375
1577837031.7996483
1577837032.0991626
1577837032.4993517
1577837033.0991805
1577837033.3994796
1577837033.7996144
1577837034.2996006
1577837034.5991156
1577837034.8994274
1577837035.1997526
1577837035.5991287
1577837035.7996156
1577837036.1997688
1577837036.5991316
1577837037.0991335
1577837037.2996016
1577837037.4992764
1577837037.8994386
1577837038.2995946
1577837038.7996037
1577837039.1997457
1577837039.4992805
1577837039.6997626
1577837039.9992735
1577837040.2996156
1577837040.7996616
1577837041.2996566
1577837041.7996428
1577837042.1998026
1577837042.4993184
1577837042.6998036
1577837042.9993265
1577837043.1998136
1577837043.5991466
1577837043.9993243
1577837044.4993525
1577837044.8991125
1577837045.2992625
1577837045.7996142
1577837046.0991604
1577837046.4993284
1577837046.9993355
1577837047.2996624
1577837047.7996426
1577837048.4993365
1577837048.7996645
1577837049.0991955
1577837049.6994376
1577837050.1994283
1577837050.6994345
1577837051.0992005
1577837051.4997485
1577837051.9993043
1577837052.4993236
1577837052.9993465
1577837053.3994875
1577837053.8994651
1577837054.3994446
1577837054.7995934
1577837055.4992673
1577837055.8994396
1577837056.1997786
1577837056.6997681
1577837057.3994756
1577837057.6998055
1577837057.9993243
1577837058.1998208
1577837058.3995216
1577837058.8991385
1577837059.4997854
1577837059.8991456
1577837060.3991737
1577837060.5996425
1577837060.7993224
1577837061.1991148
1577837061.7993486
1577837062.0992606
1577837062.5996447
1577837063.0996573
1577837063.3991904
1577837063.5992846
1577837063.8995857
1577837064.1991134
1577837064.4994586
1577837064.7997997
1577837065.0993216
1577837065.4994597
1577837065.9994538
1577837066.3996496
1577837066.5993335
1577837066.7998106
1577837066.9994974
1577837067.5993373
1577837067.9995086
1577837068.4995375
1577837068.9991395
1577837069.1996176
1577837069.4991586
1577837069.7994885
1577837070.1996217
1577837070.4991543
1577837070.9991627
1577837071.3993247
1577837071.7994714
1577837072.2994857
1577837072.8993032
1577837073.2994597
1577837073.7994366
1577837074.1995926
1577837074.5997746
1577837075.1996305
1577837075.7994776
1577837076.1996267
1577837076.5998075
1577837076.9991708
1577837077.4991767
1577837078.0997906
1577837078.5997956
1577837079.1995995
1577837079.8992825
1577837080.1996136
1577837080.6996119
1577837081.0998166
1577837081.2995036
1577837081.4991865
1577837081.9991555
1577837082.2994785
1577837082.7994823
1577837083.2994504
1577837083.6996157
1577837084.0997975
1577837084.7994294
1577837085.0997496
1577837085.5997465
1577837086.1991687
1577837086.5993166
1577837086.9994686
1577837087.2997527
1577837087.8995895
1577837088.6991174
1577837089.2993336
1577837089.6994865
1577837090.0996478
1577837090.2993023
1577837090.5996175
1577837090.9997923
1577837091.299279
1577837091.4997547
1577837091.6994247
1577837092.1994426
1577837092.6994476
1577837093.0996113
1577837093.3991454
1577837093.6994686
1577837094.2992964
1577837094.8991065
1577837095.0995677
1577837095.5991714
1577837095.9993145
1577837096.2996173
1577837096.6997986
1577837097.3994977
1577837098.0991573
1577837098.4993265
1577837098.9993176
1577837099.5991604
1577837099.8994915
1577837100.2996044
1577837100.8994486
1577837101.4992104
1577837102.3965523
1577837103.9991434
