19.299742094999999
32.795867057999999
34.699429360000003
35.399131959999998
36.299344920000003
36.999819897000002
37.399138880999999
37.999784718999997
38.699473959999999
39.399131502000003
39.799309524000002
40.499810959999998
41.299335900000003
41.699477657999999
42.399157744999997
43.199450560000002
43.599612637
44.099618640000003
44.599571836999999
45.099588437999998
45.599616320000003
45.999819463999998
46.299328082000002
46.599642838000001
47.099631633999998
47.599628324999998
48.299275780000002
48.999306398000002
49.899469377000003
50.299639724000002
50.899467076999997
51.099144400999997
51.299622280000001
51.499399001
51.699451701000001
51.999792419999999
52.298636954000003
52.799309698999998
53.299304259000003
53.498574314999999
53.799302816000001
54.499801900000001
55.299339881999998
56.098583859999998
56.59925278
57.099668837000003
57.499801378000001
57.999800038000004
58.599548249999998
59.29928992
59.799328617999997
60.399166375999997
60.799320319000003
61.099643843000003
61.399154641999999
61.699487075999997
61.999819322
62.199506100999997
62.399182119999999
62.599659518000003
63.099638161000001
63.599650783999998
64.099638842999994
64.399150474999999
64.699456138000002
64.999751485000004
65.199422897999995
65.699788597999998
66.199799734999999
66.799622299000006
67.299636500000005
67.899466658999998
68.599152275999998
69.199773738000005
69.899458897000002
70.599152438000004
70.898804870000006
71.199436718000001
71.499781437999999
71.699437678999999
71.899133899000006
72.199435957000006
72.699808744999999
73.199813793999994
73.599300322999994
73.999487814000005
74.299435575000004
74.599733857999993
74.899000682999997
75.099301019999999
75.299784419999995
75.499496316999995
75.799804262999999
76.099337078000005
76.499508495000001
76.799441516000002
77.599769394000006
78.199613842000005
78.799457179000001
79.599772115999997
80.199633621000004
80.499149498999998
80.799460417999995
81.199629693999995
81.999116740000005
82.499122416000006
83.199617399999994
83.799428242999994
84.499469955999999
85.199164053999993
85.899652024000005
86.399653278000002
87.197277670000005
88.099766317000004
88.496588649000003
89.199580777999998
89.899632185000002
90.699166464000001
91.299805574999993
91.799445594999995
92.499129624999995
92.999140275000002
93.399313500000005
93.999127721999997
94.499501735999999
95.299776957000006
95.999459005000006
96.699127116
97.099265117000002
97.599648216999995
98.199466403000002
98.499798045000006
98.899141162999996
99.499785934000002
99.699480461999997
99.899167358
100.099635484
100.2993038
100.59962144000001
100.89913729600001
101.199461681
101.499790725
101.799327963
102.099649558
102.499813057
102.99980058
103.59962784
104.19949689800001
104.49981926
105.199504304
105.59965693700001
105.89918232300001
106.199513498
106.499452855
106.89961284
107.199163165
107.499481301
107.79978004
108.09929270000001
108.59978711799999
109.099806899
109.49916541899999
109.999165065
110.299498159
110.499177725
110.89881256699999
111.19964725600001
111.699658439
112.199196515
112.79913822
113.099464559
113.599451956
113.999604924
114.299025296
114.899767424
115.499594824
116.099454494
116.69941368000001
117.399629197
117.899622077
118.399660879
118.79943718
119.199603418
119.49911812000001
119.99946533400001
120.59933695700001
121.49947878
121.899529836
122.39962699900001
122.99948696
123.29778715099999
123.599329203
123.999474123
124.299788023
124.59832158099999
124.899645394
125.499491964
126.099306164
126.499449336
127.197796271
127.59931156
128.09931671699999
128.29978593999999
128.69915010099999
129.29978705600001
129.999461575
130.39960768099999
130.99840401599999
131.49947311700001
131.99946327999999
132.49944421500001
132.69913462299999
133.199114044
133.59806851900001
133.899611757
134.29977005800001
134.89915011900001
135.199500145
135.49943361699999
135.79933704000001
136.19949827799999
136.699497278
137.199116718
138.299788256
139.29982133999999
139.79983038
140.09934699799999
140.39965942000001
140.79982001799999
140.99950361399999
141.29924347400001
141.699835114
142.19945862399999
142.59962241700001
143.199092382
143.49979342
143.69947188099999
143.89916088000001
144.199479454
144.79934113799999
145.399591294
145.69913072
145.99621565800001
146.299765299
146.89957415800001
147.29933336400001
148.09965633499999
148.39840775299999
148.79931152099999
149.199480357
149.49979221500001
149.89916564399999
150.39918171799999
150.79935763399999
151.499423377
152.19912176299999
152.699128935
153.199106478
153.79934480099999
154.19949109699999
155.09962285500001
155.599616164
156.39912605699999
157.19944439599999
157.99977247800001
158.69940384
159.39946669899999
159.89945422100001
160.699792656
161.09915445799999
161.89910766
162.29927294500001
162.69943596499999
163.59915831999999
164.49925415499999
166.199314856
167.69930286499999
168.49959731999999
169.39933609400001
170.19930897699999
170.89981986500001
171.499669119
171.89944676499999
172.39945612
172.79962466399999
173.099162544
173.49931608200001
173.69979585999999
174.09916075999999
174.499299777
175.19978314400001
175.49930036000001
176.39942228199999
176.69934938200001
177.19934391499999
177.79919248100001
178.399812959
178.699334701
179.099507418
179.59949397400001
179.899813478
180.19933613399999
180.49967497599999
180.89944559899999
181.29962332100001
181.79964336
182.19979913700001
182.69981224200001
183.49933121999999
183.99932895800001
184.49933395799999
184.99933462499999
185.39909577899999
186.09915745800001
186.79966283900001
187.69976706
188.199782078
189.09919457800001
189.59915962100001
190.49928983800001
190.99927649899999
191.799589177
192.39941919399999
193.19931184199999
193.89979601900001
194.69930932099999
195.199327995
195.69934056
196.19932751799999
196.69932923900001
197.19929281899999
197.999626624
198.59945615800001
199.19926022000001
199.69963240000001
200.29946739799999
200.79943215599999
201.49913327799999
202.099803356
202.49914582
202.79947223900001
202.999163662
203.19965829700001
203.49916934399999
203.99917169899999
204.599810956
204.999139703
205.59978726
205.999140759
206.399310816
206.69963773500001
206.99915124
207.499145618
208.19964807900001
208.499187995
208.79947584000001
209.399301337
209.79943711799999
210.49915225500001
210.899287899
211.299443497
211.99913862
212.49916009899999
212.99914140000001
213.399307781
213.99914598000001
214.49913712399999
214.899292159
215.39930178099999
215.999131103
216.39929160200001
216.999137459
217.59975715600001
217.899284419
218.09976393400001
218.39927868500001
218.69961412000001
218.99915370400001
219.29944886199999
219.69957398
219.99947869799999
220.39960349399999
220.69911576000001
221.09929120000001
221.299754957
221.59927895600001
221.99822603800001
222.499460516
222.799799681
223.29981207399999
224.99947438500001
226.699164365
229.399275897
231.19963848500001
233.399360301
235.699338418
236.499275525
237.19975677799999
237.699754595
238.09910735899999
238.39942202099999
238.699345303
239.099489637
239.69935061800001
240.29961011699999
240.699798617
241.39949067500001
241.89947471400001
242.59918036100001
243.49978083799999
244.199465917
244.499777636
245.09963562499999
245.69942399600001
246.29963585799999
246.599165938
247.09916396
247.69945184400001
248.299275024
248.79925645700001
249.199446919
249.49976465899999
249.89915485500001
250.599649185
251.099637202
251.69948227899999
252.499804942
252.89916095500001
253.19948468300001
253.59966097899999
253.99980461999999
254.39915911200001
254.79947944200001
255.199639545
255.69964141599999
256.09979771899998
256.59981235800001
257.49960978500002
258.09943554199998
258.89930700000002
259.59976281899998
260.099758581
260.59936556399998
261.09935219400001
261.59933443699998
262.09891414200001
262.69913653399999
263.69912895499999
265.59925895999999
267.29935133800001
269.59929272099998
272.39963391999999
273.79980061800001
275.19915416200001
276.09931357900001
277.59961626099999
278.69941917800003
