1577837173.4994497
1577837179.6964195
1577837179.8991585
1577837180.2993004
1577837180.6994364
1577837181.0991726
1577837181.3995094
1577837181.6998236
1577837181.8994901
1577837182.0991755
1577837182.2996454
1577837182.6998186
1577837182.8991759
1577837182.9993167
1577837183.0991485
1577837183.1997845
1577837183.3994637
1577837183.5991483
1577837183.6997936
1577837183.8994794
1577837184.2996476
1577837184.5991464
1577837184.7996178
1577837184.9993045
1577837185.1997864
1577837185.3994746
1577837185.599122
1577837185.7996025
1577837185.9992964
1577837186.4992936
1577837186.6996973
1577837186.8994296
1577837187.0994785
1577837187.2991536
1577837187.4996436
1577837187.697681
1577837187.8998435
1577837188.0995276
1577837188.4992895
1577837188.6997714
1577837188.8989091
1577837189.1997573
1577837189.3994644
1577837189.6997766
1577837190.1997559
1577837190.7996416
1577837191.2996116
1577837191.6997826
1577837192.0991766
1577837192.6996639
1577837193.1994436
1577837193.4997666
1577837193.8991044
1577837194.2992353
1577837194.5991676
1577837194.7996476
1577837194.9993205
1577837195.1997995
1577837195.399456
1577837195.6997974
1577837196.0991344
1577837196.4992695
1577837196.6997344
1577837197.0994725
1577837197.6993215
1577837197.999619
1577837198.4996154
1577837198.7991085
1577837199.299104
1577837199.9995978
1577837200.4995921
1577837200.7991126
1577837200.9995875
1577837201.1992657
1577837201.3993175
1577837201.5997927
1577837201.8993025
1577837202.1996496
1577837202.5998006
1577837202.9991524
1577837203.2994564
1577837203.5997827
1577837203.7994595
1577837203.9991245
1577837204.1996057
1577837204.3992856
1577837204.5997446
1577837204.7994165
1577837204.9994898
1577837205.2998157
1577837205.5993373
1577837205.7998092
1577837205.9994745
1577837206.1991625
1577837206.3996444
1577837206.5993307
1577837206.7998123
1577837206.9994943
1577837207.1991544
1577837207.4994764
1577837207.7998064
1577837208.0993464
1577837208.2994254
1577837208.4994943
1577837208.6991816
1577837208.8996515
1577837209.0993214
1577837209.2997928
1577837209.5993164
1577837209.9994817
1577837210.3996396
1577837210.8996446
1577837211.2997966
1577837211.6991665
1577837212.0993135
1577837212.2998145
1577837212.6991756
1577837212.9994795
1577837213.4994605
1577837213.9994376
1577837214.2997825
1577837214.4994636
1577837214.7997463
1577837215.3991923
1577837215.6991162
1577837215.9994175
1577837216.4998026
1577837217.0996366
1577837217.3991506
1577837217.6994755
1577837217.9997966
1577837218.2993126
1577837218.6994605
1577837218.8991346
1577837219.0996225
1577837219.299293
1577837219.6994874
1577837219.9998133
1577837220.1995256
1577837220.3992066
1577837220.5992935
1577837220.7997966
1577837220.9994786
1577837221.2997897
1577837221.4994576
1577837221.5992775
1577837221.9994416
1577837222.2997437
1577837222.4994214
1577837222.6995044
1577837222.8991797
1577837223.0996776
1577837223.2993536
1577837223.6991055
1577837223.9994032
1577837224.2992914
1577837224.6994543
1577837224.9997816
1577837225.3991673
1577837225.7993596
1577837226.2997746
1577837226.6991065
1577837226.9994254
1577837227.4994156
1577837227.8995876
1577837228.2997656
1577837228.7997687
1577837229.0992916
1577837229.3996067
1577837229.7997718
1577837230.2997727
1577837230.7997985
1577837230.9994774
1577837231.2997985
1577837231.7997906
1577837232.0993147
1577837232.3996177
1577837232.9994724
1577837233.4994376
1577837234.0992904
1577837234.6991537
1577837235.0993006
1577837235.5993075
1577837236.0993342
1577837236.5993471
1577837237.0993466
1577837237.6992137
1577837238.0997906
1577837238.5997756
1577837238.9991496
1577837239.2994673
1577837239.5997815
1577837239.9991858
1577837240.4991906
1577837240.9991474
1577837241.3992565
1577837242.1995974
1577837242.6996067
1577837243.3992987
1577837243.9991775
1577837244.3993132
1577837244.9991405
1577837245.2994585
1577837245.4991584
1577837245.6996424
1577837245.9991305
1577837246.3992727
1577837246.6995988
1577837246.8992746
1577837247.2994394
1577837247.9991195
1577837248.4994853
1577837248.8996575
1577837249.3996735
1577837249.6991944
1577837250.2994316
1577837250.8995914
1577837251.2997837
1577837251.6991575
1577837252.1991556
1577837252.8996024
1577837253.3996105
1577837253.8996224
1577837254.4994967
1577837254.8996596
1577837255.2998142
1577837255.5993643
1577837255.9991233
1577837256.6996074
1577837257.1996496
1577837257.8993189
1577837258.3993194
1577837258.6996386
1577837259.3993206
1577837259.9991677
1577837260.4991884
1577837260.8993187
1577837261.3992934
1577837261.8993244
1577837262.2994599
1577837262.6996224
1577837263.0997825
1577837263.5997586
1577837264.2997906
1577837264.8996274
1577837265.5992706
1577837266.0992596
1577837266.7993486
1577837267.1995046
1577837267.6991136
1577837268.0992744
1577837268.9994657
1577837269.9994357
1577837270.4994366
1577837271.1991336
1577837271.4994586
1577837271.7997897
1577837272.2997875
1577837272.4994833
1577837272.9994423
1577837273.3996325
1577837273.6991634
1577837273.9994855
1577837274.4994755
1577837275.1991544
1577837276.0992277
