1565943983.5248752
1565943989.0262754
1565943991.6263807
1565943994.1264896
1565943996.025811
1565944001.225019
1565944003.5244825
1565944005.4247546
1565944006.3249454
1565944007.324702
1565944008.3248172
1565944009.2248578
1565944010.0247142
1565944010.9248712
1565944011.8249083
1565944012.7247126
1565944013.8241048
1565944014.8246911
1565944015.3243117
1565944015.7243116
1565944016.3240032
1565944016.7245376
1565944017.2247307
1565944017.6245499
1565944018.1248426
1565944018.5244384
1565944019.124737
1565944019.5259013
1565944020.0250378
1565944020.4243894
1565944021.0249596
1565944021.424557
1565944021.9246325
1565944022.4251232
1565944022.8241413
1565944023.2246325
1565944023.7244768
1565944024.224508
1565944024.7244213
1565944025.1247396
1565944025.6249256
1565944026.1249013
1565944026.5249147
1565944027.0244894
1565944027.5247905
1565944027.9246957
1565944028.4246898
1565944028.9247184
1565944029.3247015
1565944029.8248892
1565944030.2247007
1565944030.7247925
1565944031.2247422
1565944031.7245255
1565944032.2244694
1565944032.7248747
1565944033.1245878
1565944033.6244712
1565944034.0244172
1565944034.5244257
1565944034.9245927
1565944035.4244924
1565944035.8247144
1565944036.824403
1565944037.9248257
1565944039.8245015
1565944041.1239481
1565944042.1236753
1565944043.0244153
1565944043.7242532
1565944044.123924
1565944044.6241004
1565944045.0244977
1565944045.5243912
1565944045.9243474
1565944046.424592
1565944046.9246428
1565944047.4245672
1565944047.824542
1565944048.3247781
1565944048.7246151
1565944049.2246149
1565944049.724467
1565944050.1247063
1565944050.6250043
1565944051.2244859
1565944051.7247467
1565944052.2305763
1565944052.6305974
1565944053.631181
1565944055.2245858
1565944056.7245574
1565944058.1264703
1565944058.6266785
1565944059.026166
1565944059.5259111
1565944059.9250255
1565944060.4254072
1565944060.8258593
1565944061.226083
1565944061.6260169
1565944062.0260437
1565944062.3258767
1565944062.7257626
1565944063.1257994
1565944063.5260119
1565944063.9261899
1565944064.4254932
1565944065.0257812
1565944066.0259874
1565944066.4251568
1565944066.9258754
1565944067.7258103
1565944068.6254258
1565944070.4270682
1565944071.3271623
1565944072.2264762
1565944072.9272923
1565944073.5273087
1565944074.0268157
1565944074.424612
1565944075.0240133
1565944075.5236216
1565944075.9242251
1565944076.4239063
1565944076.8239675
1565944077.223326
1565944077.7240403
1565944078.2238309
1565944078.623915
1565944079.024137
1565944079.4242988
1565944079.7240167
1565944080.1238031
1565944080.5239935
1565944080.8241558
1565944081.1239302
1565944081.6241653
1565944082.0241456
1565944082.5241122
1565944082.9239166
1565944083.3237681
1565944083.6239407
1565944083.9240825
1565944084.4241393
1565944084.8243656
1565944085.3242652
1565944085.8241332
1565944086.223772
1565944086.7245309
1565944087.2240233
1565944087.7256193
1565944088.1257613
1565944088.6259432
1565944089.0257001
1565944089.6259713
1565944090.1257226
1565944090.6256402
1565944091.025773
1565944091.4255071
1565944091.8254864
1565944092.2255368
1565944092.6252592
1565944093.3259158
1565944094.1257448
1565944094.9255147
1565944096.0300474
1565944100.3240645
1565944108.8303554
1565944110.9320958
1565944111.8313611
1565944112.7316487
1565944113.2320836
1565944113.7321355
1565944114.3314078
1565944114.6320529
1565944115.3316121
1565944115.7318797
1565944116.2317109
1565944116.7320254
1565944117.0318065
1565944117.5319521
1565944118.0321219
1565944118.5317593
1565944119.0317712
1565944119.5315697
1565944120.0316925
1565944120.4319386
1565944121.0317919
1565944121.531692
1565944121.9317341
1565944122.4316335
1565944122.9316831
1565944123.4315665
1565944123.8312838
1565944124.2316816
1565944124.7320757
1565944125.131124
1565944125.5236921
1565944126.0238142
1565944126.4237745
1565944126.9238768
1565944127.3239746
1565944127.7238116
1565944128.2237287
1565944128.6234798
1565944128.8241916
1565944129.2241061
1565944129.7240329
1565944130.1236675
1565944130.5238645
1565944131.023926
1565944131.5237782
1565944131.9233367
1565944132.4237826
1565944132.8238401
1565944133.4233487
1565944133.7238557
1565944135.2240789
1565944136.2240949
1565944137.2238355
1565944138.523989
1565944139.5261033
1565944140.4252872
1565944141.2307107
1565944141.7305911
1565944142.13044
1565944142.630733
1565944143.1304212
1565944143.6301188
1565944144.1304324
1565944144.529983
1565944145.0302231
1565944145.5300207
1565944146.1299152
1565944146.4297292
1565944146.7300189
1565944147.0299175
1565944147.7298763
1565944148.2300341
1565944148.629787
1565944148.7299249
1565944149.1298337
1565944149.5299275
1565944150.0297346
1565944150.4314933
1565944150.93117
1565944151.3312674
1565944151.7315264
1565944152.1315339
1565944152.2317483
1565944152.6314158
1565944153.0316691
1565944153.1316102
1565944153.5318034
1565944153.9317112
1565944154.4315765
1565944154.8318298
1565944155.2310264
1565944155.3318052
1565944155.7230699
1565944156.2240763
1565944156.6239624
1565944157.1240594
1565944157.5236874
1565944158.0239935
1565944158.5236731
1565944158.9238403
1565944159.4240572
1565944159.9239841
1565944160.423955
1565944161.023751
1565944161.3238759
1565944161.5237288
1565944162.0237138
1565944162.4239194
1565944163.1236732
1565944163.4234028
1565944164.1232874
1565944164.6232224
1565944164.7234173
1565944165.0236194
1565944165.1236219
1565944165.8232248
1565944166.0235522
1565944167.0235524
1565944168.4235735
1565944169.5235283
1565944170.723552
1565944171.923584
1565944173.0234787
1565944173.3236401
1565944173.523576
1565944174.0235898
1565944174.6235418
1565944175.423842
1565944175.6235182
1565944176.4235687
1565944176.9241846
1565944177.6238832
1565944177.8240337
1565944178.6271245
1565944179.126992
1565944179.6269348
1565944180.126966
1565944180.627192
1565944181.1273479
1565944181.6272266
1565944182.1271596
1565944182.6273091
1565944183.0272844
1565944183.5272017
1565944184.0274315
1565944184.5270929
1565944185.0245044
1565944185.4239094
1565944185.5243144
1565944185.9240654
1565944186.3240228
1565944186.4241006
1565944186.8240631
1565944187.3234198
1565944187.7242689
1565944188.2241495
1565944188.7241075
1565944189.1242092
1565944189.6243238
1565944190.1242821
1565944190.5251226
1565944190.6241028
1565944191.0243909
1565944191.5244267
