1566533803.598304510116577
1566533811.799669981002808
1566533812.499834537506104
1566533813.099561929702759
1566533813.599622249603271
1566533814.099561214447021
1566533814.591798543930054
1566533815.092459917068481
1566533815.591979265213013
1566533816.095280885696411
1566533816.595148801803589
1566533817.096763849258423
1566533817.596704244613647
1566533818.298344612121582
1566533818.899490833282471
1566533819.491130113601685
1566533820.191685914993286
1566533821.091697216033936
1566533821.991174221038818
1566533822.692109584808350
1566533823.291777849197388
1566533823.793394804000854
1566533824.194858551025391
1566533824.594919443130493
1566533824.994702339172363
1566533825.296229124069214
1566533825.596496820449829
1566533825.896732568740845
1566533826.197941303253174
1566533826.497847080230713
1566533826.793007135391235
1566533827.094856977462769
1566533827.395094633102417
1566533827.691754341125488
1566533827.991898775100708
1566533828.191584587097168
1566533828.491748332977295
1566533828.691902160644531
1566533828.891946077346802
1566533829.091676235198975
1566533829.291871070861816
1566533829.493807077407837
1566533829.693371295928955
1566533829.893115997314453
1566533830.093080043792725
1566533830.293469429016113
1566533830.493591308593750
1566533830.693285226821899
1566533830.893281936645508
1566533831.093080997467041
1566533831.292550802230835
1566533831.494525194168091
1566533831.694751024246216
1566533831.895313739776611
1566533832.094658136367798
1566533832.294681072235107
1566533832.495952606201172
1566533832.691262006759644
1566533832.891318559646606
1566533833.091423273086548
1566533833.291012287139893
1566533833.491384267807007
1566533833.790726900100708
1566533833.991205692291260
1566533834.191407680511475
1566533834.491584539413452
1566533834.691536188125610
1566533834.891494512557983
1566533835.091211795806885
1566533835.291090965270996
1566533835.491245746612549
1566533835.691348552703857
1566533835.991442441940308
1566533836.191148996353149
1566533836.391123294830322
1566533836.591001033782959
1566533836.790971040725708
1566533836.991069555282593
1566533837.290582418441772
1566533837.491060733795166
1566533837.790574073791504
1566533838.090764760971069
1566533838.391527891159058
1566533838.691131830215454
1566533838.990834474563599
1566533839.290926218032837
1566533839.691087245941162
1566533839.990787982940674
1566533840.290945291519165
1566533840.591216087341309
1566533840.991065263748169
1566533841.390922307968140
1566533841.791187286376953
1566533842.192912578582764
1566533842.690741777420044
1566533843.391245603561401
1566533843.991075515747070
1566533844.591197013854980
1566533845.091236352920532
1566533845.591503143310547
1566533845.991465568542480
1566533846.491544485092163
1566533846.891423463821411
1566533847.292735815048218
1566533847.593386411666870
1566533847.893169403076172
1566533848.193189382553101
1566533848.493133306503296
1566533848.794069528579712
1566533849.194780349731445
1566533849.496068239212036
1566533849.796211719512939
1566533850.096117734909058
1566533850.396245956420898
1566533850.696131467819214
1566533850.995938539505005
1566533851.296162843704224
1566533851.597593069076538
1566533851.899023771286011
1566533852.099281311035156
1566533852.299270629882812
1566533852.499525308609009
1566533852.699580669403076
1566533852.891195297241211
1566533853.090861797332764
1566533853.391191959381104
1566533853.590704679489136
1566533853.791394233703613
1566533854.091134786605835
1566533854.291339635848999
1566533854.591188669204712
1566533854.893079996109009
1566533855.293290615081787
1566533855.593144416809082
1566533855.894051551818848
1566533856.194650411605835
1566533856.494759321212769
1566533856.796131134033203
1566533857.196043968200684
1566533857.996244907379150
1566533858.497905731201172
1566533858.991436243057251
1566533859.491399765014648
1566533859.897383689880371
1566533860.391638994216919
1566533860.791063308715820
1566533861.091386795043945
1566533861.491490125656128
1566533861.791576862335205
1566533862.091589212417603
1566533862.392929315567017
1566533862.797660589218140
1566533863.097621679306030
1566533863.299356698989868
1566533863.491508722305298
1566533863.691296100616455
1566533863.991374015808105
1566533864.191277027130127
1566533864.390983581542969
1566533864.591879606246948
1566533864.791491270065308
1566533864.991675853729248
1566533865.291562795639038
1566533865.791824102401733
1566533865.993244647979736
1566533866.194975376129150
1566533866.393933534622192
1566533866.594896078109741
1566533866.996198892593384
1566533867.196008682250977
1566533867.397185564041138
1566533867.597568988800049
1566533867.797861099243164
1566533867.997823715209961
1566533868.297440052032471
1566533868.597531795501709
1566533868.797528982162476
1566533868.997481822967529
1566533869.297359704971313
1566533869.497342824935913
1566533869.697181463241577
1566533869.898008584976196
1566533870.098774194717407
1566533870.298814058303833
1566533870.498819828033447
1566533870.690989255905151
1566533870.992502212524414
1566533871.190795660018921
1566533871.490833759307861
1566533871.690989017486572
1566533872.291007041931152
1566533872.490969896316528
1566533872.690419435501099
1566533872.990952968597412
1566533873.193117618560791
1566533873.392760038375854
1566533873.592656373977661
1566533873.792925119400024
1566533873.997370719909668
1566533874.197455644607544
1566533874.397049903869629
1566533874.797233581542969
1566533874.997239589691162
1566533875.696865320205688
1566533876.097439765930176
1566533876.297155857086182
1566533876.596826076507568
1566533876.796736717224121
1566533876.997007846832275
1566533877.397331476211548
1566533877.697417736053467
1566533877.897816181182861
1566533878.098537921905518
1566533878.290623903274536
1566533878.490625381469727
1566533878.690263509750366
1566533878.890473365783691
1566533879.090400695800781
1566533879.290582418441772
1566533879.491061687469482
1566533879.893910884857178
1566533880.093778610229492
1566533880.293878316879272
1566533880.493875741958618
1566533880.693903684616089
1566533881.094009160995483
1566533881.293891429901123
1566533881.593821287155151
1566533882.095512390136719
1566533882.495221138000488
1566533882.695338726043701
1566533882.895197868347168
1566533883.095664978027344
1566533883.295526504516602
1566533883.495602846145630
1566533884.196782350540161
1566533884.498501300811768
1566533884.698647975921631
1566533884.898156404495239
1566533885.298564672470093
1566533885.498568534851074
1566533885.698148012161255
1566533885.898578643798828
1566533886.098452568054199
1566533886.290637493133545
1566533886.490625619888306
1566533886.690515041351318
1566533886.892169475555420
1566533887.090981006622314
1566533887.291088104248047
1566533887.590580940246582
1566533887.790499925613403
1566533887.990593194961548
1566533888.190234661102295
1566533888.498463153839111
1566533888.690407991409302
1566533888.990557909011841
1566533889.292551279067993
1566533889.492521286010742
1566533889.794042825698853
1566533889.993981599807739
1566533890.295352458953857
1566533890.590715169906616
1566533890.790498733520508
1566533890.994020938873291
1566533891.393780708312988
1566533891.593672513961792
1566533891.795821905136108
1566533891.995445966720581
1566533892.195184946060181
1566533892.495242834091187
1566533892.795658826828003
1566533892.995562314987183
1566533893.295136213302612
1566533893.696588754653931
1566533893.898558139801025
1566533894.090480804443359
1566533894.290310621261597
1566533894.490075111389160
1566533894.790138006210327
1566533895.090622186660767
1566533895.390361070632935
1566533895.591826915740967
1566533895.791885614395142
1566533896.091718435287476
1566533896.293350696563721
1566533896.493494033813477
1566533896.795254707336426
1566533896.995037078857422
1566533897.194424390792847
1566533897.395116329193115
1566533897.694963455200195
1566533897.896593809127808
1566533898.096349716186523
1566533898.296449184417725
1566533898.496413707733154
1566533898.696338653564453
1566533899.197829961776733
1566533899.397824764251709
1566533899.798022508621216
1566533900.097868204116821
1566533900.497827529907227
1566533900.698105812072754
1566533900.897953987121582
1566533901.297717809677124
1566533901.797759532928467
1566533902.098101854324341
1566533902.497928142547607
1566533902.797615528106689
1566533903.089911460876465
1566533903.589842796325684
1566533903.889949083328247
1566533904.089620590209961
1566533904.289679288864136
1566533904.490179300308228
1566533904.690183162689209
1566533904.890475273132324
1566533905.090420484542847
1566533905.290202617645264
1566533905.490257263183594
1566533905.790399551391602
1566533905.990061759948730
1566533906.190095424652100
1566533906.391864538192749
1566533906.592033386230469
1566533906.892009019851685
1566533907.091924905776978
1566533907.291663646697998
1566533907.491586923599243
1566533907.692027330398560
1566533907.991923093795776
1566533908.196487188339233
1566533908.396026134490967
1566533908.597595214843750
1566533908.897513389587402
1566533909.097909212112427
1566533909.297672271728516
1566533909.497580289840698
1566533909.689317464828491
1566533909.890291929244995
1566533910.089945554733276
1566533910.290092229843140
1566533910.490371227264404
1566533910.690203666687012
1566533910.890175819396973
1566533911.090434551239014
1566533911.190479040145874
1566533911.490371465682983
1566533911.590068817138672
1566533911.691948652267456
1566533911.791940450668335
1566533911.891640663146973
1566533912.091962814331055
1566533912.191640377044678
1566533912.591801643371582
1566533912.791882753372192
1566533912.891813039779663
1566533912.991896152496338
1566533913.493513107299805
1566533913.890236139297485
1566533913.990403175354004
1566533914.090125560760498
1566533914.389629840850830
1566533914.489829301834106
1566533914.689913749694824
1566533914.790070295333862
1566533914.890432834625244
1566533914.990168809890747
1566533915.090504646301270
1566533915.490073919296265
1566533915.590006589889526
1566533915.689990043640137
1566533915.789906740188599
1566533915.989846706390381
1566533916.090054035186768
1566533916.190191268920898
1566533916.390120029449463
1566533916.490279197692871
1566533916.590292930603027
1566533916.690339088439941
1566533916.790137290954590
1566533916.889961481094360
1566533916.989698648452759
1566533917.089908838272095
1566533917.189941167831421
1566533917.290057659149170
1566533917.390111923217773
1566533917.490242242813110
1566533917.691864728927612
1566533917.793500661849976
1566533918.093680381774902
1566533918.193080902099609
1566533918.295115232467651
1566533918.395275592803955
1566533918.894972324371338
1566533918.994756698608398
1566533919.094762563705444
1566533919.194769144058228
1566533919.294978857040405
1566533919.394442796707153
1566533919.494953632354736
1566533919.594934701919556
1566533919.695067405700684
1566533919.894608736038208
1566533920.194752216339111
1566533920.394433021545410
1566533920.494918346405029
1566533920.594714879989624
1566533920.796263694763184
1566533920.895985841751099
1566533920.996582746505737
1566533921.096583604812622
1566533921.196429491043091
1566533921.299639701843262
1566533921.396106481552124
1566533921.496831893920898
1566533921.596473932266235
1566533921.696557760238647
1566533921.796428203582764
1566533921.896206378936768
1566533921.996229648590088
1566533922.296426773071289
1566533922.395908117294312
1566533922.496315717697144
1566533922.696318149566650
1566533922.796430349349976
1566533922.896178245544434
1566533922.996399641036987
1566533923.595978736877441
1566533923.695722103118896
1566533923.795849561691284
1566533923.895272016525269
1566533923.997572422027588
1566533924.097711324691772
1566533924.197782993316650
1566533924.297693729400635
1566533924.397443056106567
1566533924.497777700424194
1566533924.597739219665527
1566533924.697674751281738
1566533924.997679710388184
1566533925.097509145736694
1566533925.197561740875244
1566533925.297528505325317
1566533925.397546529769897
1566533925.497686386108398
1566533925.597735166549683
1566533925.697813272476196
1566533925.797737360000610
1566533925.897572278976440
1566533926.097770452499390
1566533926.197627305984497
1566533926.297471761703491
1566533926.597664356231689
1566533926.789856910705566
1566533926.890710353851318
1566533927.089812278747559
1566533927.289585828781128
1566533927.389153480529785
1566533927.489519834518433
1566533927.789739847183228
1566533927.989611864089966
1566533928.089682340621948
1566533928.290019273757935
1566533928.389134645462036
1566533928.489696025848389
1566533928.590005874633789
1566533928.890141248703003
1566533928.990279436111450
1566533929.089904069900513
1566533929.191488504409790
1566533929.291426420211792
1566533929.493022918701172
1566533929.592769861221313
1566533929.892623186111450
1566533929.992519140243530
1566533930.092618942260742
1566533930.292849302291870
1566533930.494557380676270
1566533930.694678783416748
1566533930.794638872146606
1566533930.893763065338135
1566533930.994227886199951
1566533931.094270229339600
1566533931.194283723831177
1566533931.294309377670288
1566533931.393637180328369
1566533931.695877313613892
1566533931.795822143554688
1566533931.995685338973999
1566533932.095745325088501
1566533932.295892477035522
1566533932.497515201568604
1566533932.589819431304932
1566533932.989749193191528
1566533933.089843034744263
1566533933.189670801162720
1566533933.289720535278320
1566533933.589345693588257
1566533933.789369106292725
1566533933.889537572860718
1566533933.989566802978516
1566533934.189752340316772
1566533934.389287948608398
1566533934.589697837829590
1566533934.789654493331909
1566533934.889317750930786
1566533935.189646959304810
1566533935.289631843566895
1566533935.389416456222534
1566533935.489815711975098
1566533935.989965200424194
1566533936.089921712875366
1566533936.290165424346924
1566533936.390264034271240
1566533936.490311145782471
1566533936.589955329895020
1566533936.689974069595337
1566533936.789819478988647
1566533936.890053272247314
1566533936.989729642868042
1566533937.089721918106079
1566533937.189794063568115
1566533937.289907693862915
1566533937.390191078186035
1566533937.489895582199097
1566533937.589752435684204
1566533937.689891099929810
1566533937.888957500457764
1566533937.989897489547729
1566533938.089909076690674
1566533938.189992904663086
1566533938.389998674392700
1566533938.490287780761719
1566533938.591995477676392
1566533938.691952705383301
1566533938.791889905929565
1566533939.092899084091187
1566533939.292748212814331
1566533939.392545938491821
1566533939.492654800415039
1566533939.592927932739258
1566533939.692730426788330
1566533939.792727947235107
1566533939.892871856689453
1566533940.194447278976440
1566533940.294408798217773
1566533940.594448328018188
1566533940.893418788909912
1566533941.095833063125610
1566533941.195822477340698
1566533941.395798683166504
1566533941.589626073837280
1566533941.989295005798340
1566533942.089634656906128
1566533942.191302061080933
1566533942.291459321975708
1566533942.692747831344604
1566533942.992392778396606
1566533943.094147443771362
1566533943.195453882217407
1566533943.597238063812256
1566533943.697090864181519
1566533943.797037363052368
1566533943.897070407867432
1566533944.097105503082275
1566533944.297318696975708
1566533944.396578311920166
1566533944.497311592102051
1566533944.597138166427612
1566533944.697144031524658
1566533945.189370155334473
1566533945.489628553390503
1566533947.489701747894287
1566533947.691422939300537
1566533947.791352987289429
1566533947.891294479370117
1566533947.991191387176514
1566533948.191079854965210
1566533948.291080236434937
1566533948.491513490676880
1566533948.691573619842529
1566533948.793104171752930
1566533948.892897367477417
1566533948.992897033691406
1566533949.192651748657227
1566533949.392477989196777
1566533949.492473840713501
1566533949.594113349914551
1566533949.794146299362183
1566533949.996031045913696
1566533950.295723676681519
1566533950.395645618438721
1566533950.596002340316772
1566533950.691176176071167
1566533950.791189432144165
1566533950.891232252120972
1566533950.991186618804932
1566533951.191133737564087
1566533951.291988849639893
1566533951.391236066818237
1566533951.591388463973999
1566533951.697428703308105
1566533951.797434091567993
1566533951.897373199462891
1566533951.997360944747925
1566533952.289526700973511
1566533952.388841390609741
1566533952.589911222457886
1566533952.689827919006348
1566533953.291323661804199
1566533953.492808818817139
1566533953.692728519439697
1566533953.894326210021973
1566533954.094210863113403
1566533954.296130657196045
1566533954.496112585067749
1566533954.695880174636841
1566533954.897395610809326
1566533955.096931695938110
1566533955.689775466918945
1566533955.889984369277954
1566533956.089808940887451
1566533956.389875173568726
1566533956.889678478240967
1566533957.190260648727417
1566533957.491556406021118
1566533957.691413164138794
1566533957.891384363174438
1566533958.291493892669678
1566533958.590676546096802
1566533958.791310310363770
1566533958.991311788558960
1566533959.191334962844849
1566533959.391309976577759
1566533959.591161966323853
1566533959.791424274444580
1566533959.991390466690063
1566533960.191423654556274
1566533960.391267061233521
1566533960.791274785995483
1566533961.092774391174316
1566533961.492861747741699
1566533961.892982959747314
1566533962.092611551284790
1566533962.295938014984131
1566533962.595607995986938
1566533963.195571422576904
1566533963.697278261184692
1566533963.997050523757935
1566533964.197186708450317
1566533964.397473573684692
1566533964.597328901290894
1566533964.797542333602905
1566533964.991193056106567
1566533965.291431665420532
1566533965.791326999664307
1566533966.191144466400146
1566533966.391073226928711
1566533966.790873050689697
1566533966.991188764572144
1566533967.291116714477539
1566533967.491526603698730
1566533967.691346406936646
1566533968.090577602386475
1566533968.891085624694824
1566533969.191024303436279
1566533969.691022634506226
1566533970.591885328292847
1566533970.892535448074341
1566533971.092926263809204
1566533971.292800426483154
1566533971.492357492446899
1566533971.992623329162598
1566533972.392318487167358
1566533972.592447519302368
1566533972.792490959167480
1566533972.993768215179443
1566533973.193815946578979
1566533973.393981456756592
1566533973.595562934875488
1566533973.795282602310181
1566533973.995248556137085
1566533974.195133924484253
1566533974.695559501647949
1566533974.895462989807129
1566533975.096601009368896
1566533975.296118021011353
1566533975.496835231781006
1566533976.389320611953735
1566533976.788779497146606
1566533977.089587926864624
1566533977.288897991180420
1566533977.690615892410278
1566533977.888963699340820
1566533978.089159011840820
1566533978.590781211853027
1566533978.790601491928101
1566533979.191951036453247
1566533979.392329216003418
1566533979.594195127487183
1566533980.388913631439209
1566533980.589489221572876
1566533980.788390874862671
1566533981.089108943939209
1566533981.288516283035278
1566533981.588902473449707
1566533981.988914012908936
1566533982.189066648483276
1566533982.589038372039795
1566533982.789004564285278
1566533983.090473890304565
1566533983.390577077865601
1566533984.090740919113159
1566533984.390766382217407
1566533984.691950321197510
1566533985.091878175735474
1566533985.593081712722778
1566533985.893362760543823
1566533986.193663597106934
1566533986.588711261749268
1566533987.390717983245850
1566533988.390252828598022
1566533988.591878175735474
1566533989.292035579681396
1566533989.591976642608643
1566533989.791626691818237
1566533989.992134571075439
1566533990.293482780456543
1566533990.593418836593628
1566533990.792785167694092
1566533990.993393659591675
1566533991.193193435668945
1566533991.394681930541992
1566533991.694651603698730
1566533992.095031023025513
1566533992.494285106658936
1566533992.894671916961670
1566533993.194991588592529
1566533993.494529485702515
1566533993.794331550598145
1566533994.094561815261841
1566533994.494228839874268
1566533994.896251678466797
1566533995.397563457489014
1566533996.588330984115601
1566533996.988655567169189
1566533997.390670776367188
1566533997.791555881500244
1566533998.091594934463501
1566533998.391537904739380
1566533998.693086385726929
1566533999.193112373352051
1566533999.493171453475952
1566533999.788233757019043
1566534000.088081359863281
1566534000.287932395935059
1566534000.487597227096558
1566534000.688331604003906
1566534000.888110160827637
1566534001.087951660156250
1566534001.388399600982666
1566534001.791757822036743
1566534001.992729187011719
1566534002.192846059799194
1566534002.492750167846680
1566534002.692813158035278
1566534002.992354631423950
1566534003.192998409271240
1566534003.392977952957153
1566534003.794555187225342
1566534003.993885040283203
1566534004.188138008117676
1566534004.388106584548950
1566534004.788075923919678
1566534005.088048458099365
1566534005.288524866104126
1566534005.488663434982300
1566534005.688279151916504
1566534005.987715244293213
1566534006.188141822814941
1566534006.387996673583984
1566534006.587960720062256
1566534006.787891149520874
1566534007.188151121139526
1566534007.488120794296265
1566534007.688223600387573
1566534007.887966156005859
1566534008.087954282760620
1566534008.388234138488770
1566534008.588217020034790
1566534008.888397455215454
1566534009.288369894027710
1566534009.788260936737061
1566534009.988534450531006
1566534010.388514995574951
1566534011.288117647171021
1566534011.487348556518555
1566534011.888497352600098
1566534012.088098764419556
1566534012.289874315261841
1566534012.689689874649048
1566534012.889482021331787
1566534013.089609384536743
1566534013.389901161193848
1566534013.589754581451416
1566534013.789894819259644
1566534013.989088296890259
1566534014.189884901046753
1566534014.389933347702026
1566534014.689398527145386
1566534014.889590024948120
1566534015.090996503829956
1566534015.491727590560913
1566534015.692537307739258
1566534015.991893768310547
1566534016.192520141601562
1566534016.392409563064575
1566534016.593930006027222
1566534016.894440889358521
1566534017.887850999832153
1566534018.089565515518188
1566534018.291428804397583
1566534018.491222620010376
1566534018.690924882888794
1566534018.891145229339600
1566534019.091230392456055
1566534019.392376422882080
1566534019.792616844177246
1566534019.992394208908081
1566534020.395397424697876
1566534020.587477445602417
1566534021.087592601776123
1566534021.287630319595337
1566534021.587284326553345
1566534021.787677288055420
1566534021.987689971923828
1566534022.487637996673584
1566534022.887663364410400
1566534023.687532424926758
1566534024.087682962417603
1566534024.488114118576050
1566534024.788125753402710
1566534025.187729835510254
1566534025.587656021118164
1566534025.988208293914795
1566534026.589353322982788
1566534027.390945196151733
