369.09899163
371.09963908100002
371.39916576299998
371.59961981700002
371.79930141900002
371.99977446399998
372.19946759999999
372.39914261500002
372.59964061400001
372.69947030100002
372.79929655799998
372.99979475499998
373.09963260000001
373.19947677599998
373.29932077799998
373.49981661700002
373.59965698399998
373.79934056500002
373.89916218100001
373.99981337999998
374.09965151799997
374.19949483699997
374.29932752399998
374.39917607899997
374.49981927800002
374.59964746100002
374.69949845899998
374.79932156000001
374.99979853999997
375.09963954199998
375.19948309599999
375.29932908299998
375.39917208200001
375.59964794000001
375.69949402200001
375.79933535800001
375.89918365900002
375.99982186099999
376.09965315800002
376.19949519800002
376.299338917
376.39919247900002
376.499449379
376.59929047999998
376.69911171799998
376.89960178199999
377.09928733800001
377.29975289599997
377.49942141600002
377.59927188400002
377.79974669799998
377.99943295600002
378.19912314300001
378.39960381600002
378.59930082099999
378.79978911400002
379.099322261
379.29980161999998
379.59932637999998
379.79979818300001
379.99948662200001
380.09933929900001
380.299820845
380.39959449499997
380.49950105900001
380.59934695700002
380.69919707700001
380.79944335900001
380.89927811699999
380.99911579500002
381.09974939799997
381.19957709699997
381.29943214100001
381.39928356000001
381.49912264099999
381.59975866500002
381.69960458000003
381.89929150500001
381.99911936400002
382.09975584099999
382.19959301799997
382.29943650000001
382.39927294099999
382.49909857699998
382.59974059699999
382.69958639999999
382.79942846
382.89927363800001
382.99911657799998
383.09975065399999
383.19959723599999
383.29943521799999
383.49912519600002
383.69960411800002
383.79945167800003
383.99913761800002
384.19959375600001
384.39928558100002
384.59749424
384.79939134199998
384.899233681
384.99947341699999
385.099315058
385.29979256000001
385.49948318399998
385.69914932
385.899639159
386.09933693699998
386.299819394
386.399656499
386.499496384
386.69916627700002
386.899623878
387.099267736
387.399622803
387.59931773599999
387.79980938400001
387.99950433800001
388.19917685799999
388.39965497499998
388.59933517799999
388.89967395799999
388.99951662000001
389.09933809500001
389.19918327800002
389.29982774199999
389.39965995900002
389.49949545999999
389.699189821
389.89927842399999
389.99911238300001
390.09974675799998
390.19959335999999
390.29943431599997
390.39926779799998
390.49949969599999
390.59934848
390.69919692000002
390.79943284000001
390.899275778
391.09975358100002
391.29944216000001
391.39928838100002
391.49911914500001
391.59974639500001
391.69957959999999
391.79940959800001
391.89925816200002
391.99950418399999
392.098812571
392.19894136200003
392.29942056900001
392.39964989999999
392.599359902
392.79943929799998
392.99913160199998
393.19961207900002
393.29946195899998
393.399308195
393.49914695400003
393.59977853800001
393.69961279900002
393.79944935999998
393.899279976
393.999133476
394.199143816
394.29860270400002
394.39926244499998
394.499506381
394.599329915
394.69917319899997
394.79981336100002
394.899655161
394.999487219
395.09932189699998
395.19915449400003
395.29980081600002
395.39965092
395.49948381600001
395.599281029
395.79981053699998
395.99949365999998
396.09933531399997
396.29982141599999
396.49949615700001
396.59934684400002
396.799428541
396.89927935999998
397.09974790400003
397.19958205699999
397.29942579800002
397.39926836500001
397.499107735
397.59973855999999
397.69959709400001
397.79944636099998
397.89928759700001
397.99910246000002
398.09974787700003
398.19959475899998
398.29944425500003
398.39928567800001
398.59975279999998
398.79944707800001
398.99914387600001
399.19962177999997
399.29946448099997
399.39930737899999
399.49916895799998
399.69964830100002
399.89932905799998
399.999178234
400.09980612300001
400.19967365799999
400.299528721
400.39936188299998
400.49918997899999
400.59943196099999
400.69926413899998
400.799502674
400.899346202
401.09982194100002
401.199669965
401.29950737899998
401.39935524100002
401.49919429900001
401.59943512000001
401.69925437400002
401.79949600100002
401.89933487799999
401.99916865799997
402.09980983600002
402.19936965199997
402.39932761900002
402.59815105000001
402.89930570199999
403.097452498
403.395102984
405.09934268299997
406.69917122200002
408.59411761299998
